,0,1,2,3,4,5,6,7,8,9,10,11,12,13,14,15,16,17,18,19,20,21,22,23,24,25,26,27,28,29,30,31,32,33,34,35,36,37,38,39,40,41,42,43,44,45,46,47,48,49,50,51,52,53,54,55,56,57,58,59,60,61,62,63,64,65,66,67,68,69,70,71,72,73,74,75,76,77,78,79,80,81,82,83,84,85,86,87,88,89,90,91,92,93,94,95,96,97,98,99
0,0.99999976,0.32722533,0.81421065,0.4430208,0.38324675,0.39375514,0.45627108,0.34078717,0.42351365,0.36541724,0.58511466,0.65526474,0.73930925,0.34011847,0.5115477,0.7097684,0.43753728,0.7809757,0.77897775,0.41879022,0.37979597,0.7483835,0.79838765,0.801937,0.65885663,0.6287364,0.5474564,0.53548217,0.59088993,0.4039125,0.57848775,0.75296646,0.40448847,0.6921282,0.41907716,0.50264657,0.78257173,0.5398511,0.39659688,0.729697,0.6674175,0.72036636,0.41301462,0.41815722,0.78886986,0.46384412,0.39657134,0.4114474,0.73807395,0.7388935,0.4160712,0.53662395,0.64032817,0.5762938,0.5809755,0.53843564,0.6028412,0.58302987,0.415983,0.34230483,0.46143106,0.41219246,0.6730555,0.75309944,0.60136104,0.50310004,0.3928948,0.5014258,0.41604137,0.42533708,0.37329197,0.5299504,0.5848289,0.68787444,0.8226214,0.3790251,0.6890211,0.607846,0.72370917,0.6653082,0.590368,0.7551738,0.6598731,0.48136094,0.56669116,0.7137998,0.7714422,0.35651964,0.6615827,0.60903645,0.59080064,0.47149354,0.5243201,0.7659613,0.42227566,0.39407304,0.6893549,0.5177599,0.5013981,0.60192907
1,0.32722533,0.9999998,0.26096314,0.76424766,0.81668144,0.8687978,0.6143106,0.88903666,0.80562043,0.85996246,0.61214113,0.35390574,0.32365206,0.8776221,0.38794947,0.27614897,0.67611325,0.30353,0.36717618,0.85045123,0.8050925,0.43009138,0.32074344,0.31715798,0.25709158,0.5496445,0.59289014,0.5713227,0.14790285,0.7975429,0.5652818,0.25528505,0.8636988,0.410842,0.69983727,0.41724402,0.3223722,0.49610433,0.83489937,0.52758205,0.18572673,0.343333,0.80705816,0.8644339,0.35141367,0.76352066,0.84136313,0.8666707,0.3201405,0.46721572,0.82463443,0.48385257,0.530398,0.6209864,0.52521414,0.34798336,0.5075838,0.6987821,0.81540155,0.90020037,0.40059417,0.8354168,0.50678575,0.3779242,0.68288386,0.65925986,0.84679,0.7877177,0.8490957,0.83391446,0.8546216,0.73537016,0.52899605,0.52437913,0.36475277,0.86398655,0.38609576,0.5659497,0.26186556,0.5176028,0.54603374,0.37519288,0.4390018,0.69240797,0.33394647,0.54544836,0.27804708,0.85899353,0.47795546,0.56093884,0.43301076,0.6818888,0.5894586,0.24466854,0.8233546,0.75768983,0.38510573,0.7477419,0.7064073,0.2835169
2,0.81421065,0.26096314,1.0000001,0.3891195,0.33922344,0.33266446,0.45026532,0.2681567,0.3835292,0.33483797,0.56065476,0.6569393,0.82201743,0.28231388,0.5692371,0.7962868,0.44586903,0.81350553,0.80326474,0.36738676,0.3356108,0.77893376,0.8760706,0.89005566,0.7849043,0.5916902,0.5041402,0.56069523,0.7437207,0.35094112,0.56697226,0.84212255,0.33986357,0.7343284,0.33824307,0.557601,0.84630793,0.5537557,0.32402986,0.6854496,0.78888035,0.7592143,0.3850509,0.3870024,0.82073504,0.42164433,0.34263915,0.3787673,0.77886486,0.65515125,0.39414775,0.5146861,0.5709673,0.5020646,0.5159336,0.61918485,0.6122565,0.5527268,0.35576338,0.27259845,0.5192223,0.36745262,0.69564223,0.7423235,0.578013,0.48904616,0.34959328,0.46003547,0.3975745,0.38476872,0.25768957,0.46321413,0.5670128,0.74809027,0.83004653,0.326249,0.765219,0.6201342,0.8480265,0.65398806,0.5863378,0.8349754,0.6390852,0.419276,0.6250793,0.67469394,0.82250345,0.29960084,0.6786579,0.53338206,0.58485234,0.44629526,0.5437591,0.8499259,0.3990065,0.3405208,0.7443422,0.46800953,0.43411028,0.7363026
3,0.4430208,0.76424766,0.3891195,0.9999999,0.74498004,0.78758705,0.56524813,0.7658646,0.81788033,0.7775787,0.68921864,0.44824773,0.40123498,0.7618891,0.4002304,0.36440524,0.6052203,0.40758926,0.43061927,0.7471328,0.6988191,0.5123021,0.36273628,0.36767656,0.36127427,0.5962845,0.6487831,0.57605094,0.21214983,0.7181097,0.59505963,0.37344325,0.75441515,0.4599477,0.6965066,0.40598676,0.42359674,0.55211204,0.80456847,0.61972034,0.2443829,0.42892128,0.7223884,0.73841095,0.40432322,0.6848009,0.77807325,0.7481475,0.44286454,0.5888421,0.7331772,0.5545713,0.6063202,0.7039761,0.64528143,0.34137833,0.5742054,0.71048963,0.7629585,0.7611662,0.37178546,0.7570077,0.6129339,0.4642259,0.7034086,0.65891767,0.74215674,0.7237599,0.80261946,0.7544005,0.7475864,0.7346006,0.54802054,0.59959364,0.48218602,0.7712431,0.49011555,0.6629573,0.32362038,0.5944099,0.61688393,0.4914336,0.50207484,0.6418187,0.36211687,0.6302833,0.3696922,0.7592702,0.5351697,0.64553034,0.49784112,0.63135237,0.59416723,0.30282295,0.7327025,0.6708024,0.44518352,0.7250519,0.7385627,0.39850748
4,0.38324675,0.81668144,0.33922344,0.74498004,1.0000002,0.88120687,0.7938119,0.7936504,0.84063435,0.8862215,0.82327986,0.38582286,0.38032252,0.88414335,0.5957867,0.31726792,0.8168831,0.36615217,0.3854168,0.93605727,0.90771186,0.5177429,0.38879687,0.37285417,0.3663172,0.74183285,0.75415444,0.7407148,0.2622442,0.9254992,0.71960706,0.31960514,0.8830403,0.5179509,0.8531519,0.6057067,0.37552193,0.6551417,0.8296854,0.60749793,0.3065527,0.48108485,0.7487657,0.8874042,0.3559665,0.8944219,0.87325925,0.84227777,0.4284156,0.5085316,0.8893576,0.71398735,0.73514855,0.73576534,0.69161767,0.51652294,0.69480294,0.7966064,0.89629066,0.88278687,0.583121,0.89858246,0.63386065,0.391477,0.7858285,0.8376212,0.887674,0.89254236,0.8508116,0.9050907,0.83130413,0.89602256,0.6548963,0.63005304,0.41409647,0.90454006,0.508479,0.59074306,0.28490254,0.65071094,0.6837647,0.4855975,0.6074429,0.84409547,0.5254322,0.69563174,0.3767866,0.7835344,0.63190544,0.603745,0.5991231,0.82832205,0.75243783,0.33293837,0.88915217,0.84453773,0.49996424,0.851089,0.62850124,0.37736988
5,0.39375514,0.8687978,0.33266446,0.78758705,0.88120687,1.0,0.69942874,0.8852471,0.863155,0.90804505,0.7196336,0.47009125,0.41858613,0.8988987,0.44756526,0.38670182,0.73615074,0.39432257,0.4479392,0.908475,0.8386421,0.48864186,0.3634184,0.38358992,0.33511946,0.6445917,0.668312,0.6512903,0.22508171,0.8451505,0.6242645,0.28736275,0.87434673,0.4746915,0.7692987,0.47310948,0.38520837,0.5719191,0.8825309,0.61465627,0.27300453,0.42094088,0.8231824,0.89876556,0.42223868,0.8415924,0.88213974,0.8773801,0.41062894,0.56201833,0.85715294,0.5981401,0.62424254,0.6961796,0.62968564,0.3696859,0.60081863,0.7601701,0.8751183,0.92013025,0.4415462,0.8773587,0.59741724,0.46279758,0.75107455,0.75214505,0.8945872,0.84203076,0.882234,0.88430536,0.8502965,0.79373085,0.6202329,0.603773,0.41939223,0.90313715,0.4819074,0.6364896,0.3284716,0.61591595,0.62327206,0.47266984,0.5298367,0.7563226,0.42546543,0.6413552,0.3755517,0.8559584,0.56992674,0.6213911,0.5069518,0.7575407,0.66778755,0.32571936,0.8570169,0.8089084,0.5074872,0.8305392,0.7527385,0.3750844
6,0.45627108,0.6143106,0.45026532,0.56524813,0.7938119,0.69942874,1.0,0.5974748,0.61711353,0.7240946,0.7643578,0.44138557,0.5582193,0.6377255,0.8103063,0.36423618,0.91578245,0.42838258,0.42087984,0.7523151,0.85176617,0.5906665,0.5489388,0.5301955,0.40985227,0.84854996,0.7732656,0.86626166,0.415012,0.8551852,0.7699253,0.40499574,0.6622404,0.607895,0.8129559,0.81021714,0.4774004,0.7441596,0.6250665,0.60459435,0.43653834,0.603119,0.61399,0.7748828,0.43074676,0.9051119,0.70449704,0.7226441,0.42298603,0.48857284,0.7246208,0.87287766,0.821006,0.60939896,0.52567744,0.67722535,0.8280732,0.781427,0.66565496,0.68157715,0.7821653,0.79134154,0.65341055,0.452151,0.7905395,0.9148301,0.85172653,0.85774493,0.70185876,0.79166937,0.63205564,0.7710725,0.7317667,0.6346367,0.47646305,0.7039322,0.57420576,0.6315224,0.3965026,0.6939335,0.7325106,0.5929642,0.65818703,0.8811621,0.7149046,0.6629138,0.39820325,0.656965,0.7629303,0.48714808,0.7392441,0.91671103,0.8953984,0.43400896,0.72853446,0.8580045,0.5521691,0.83408386,0.5711794,0.48271465
7,0.34078717,0.88903666,0.2681567,0.7658646,0.7936504,0.8852471,0.5974748,0.9999997,0.7824093,0.81641877,0.63117623,0.37473354,0.32757032,0.847601,0.37015182,0.32115886,0.65313244,0.3390487,0.38270628,0.80902696,0.7845048,0.40578884,0.3082853,0.30949542,0.26763928,0.56007266,0.5563569,0.53591776,0.19759057,0.7578353,0.52460814,0.24404328,0.85904443,0.3955019,0.7063306,0.40782213,0.33542746,0.47701734,0.8107918,0.51013845,0.22949116,0.36469316,0.7281607,0.80177087,0.37185746,0.7723856,0.810767,0.8574201,0.3414649,0.49525458,0.7907231,0.5148649,0.53899544,0.631125,0.5543416,0.29268175,0.48193654,0.68416935,0.8035639,0.9032649,0.3734033,0.83342314,0.4978665,0.4243729,0.65203935,0.6353875,0.8337776,0.7754103,0.7662617,0.8236147,0.87906253,0.711936,0.5152217,0.49814194,0.3632772,0.8544189,0.38975227,0.5374188,0.2727222,0.52821183,0.53182065,0.3768649,0.44095403,0.6717355,0.3289894,0.5510328,0.28332424,0.8808354,0.45644426,0.56607014,0.4056874,0.66508377,0.55231524,0.24237362,0.79164934,0.7534097,0.42117327,0.73576486,0.7329852,0.30916736
8,0.42351365,0.80562043,0.3835292,0.81788033,0.84063435,0.863155,0.61711353,0.7824093,1.0000001,0.9096761,0.72342783,0.40078968,0.37042207,0.9033811,0.4160167,0.33778983,0.6835694,0.3903634,0.42007816,0.88555384,0.7915677,0.4965371,0.34914356,0.35230565,0.40074313,0.6040811,0.66997075,0.56848574,0.21360591,0.8333735,0.6158169,0.31257355,0.88597757,0.44592518,0.7049229,0.4374355,0.3718593,0.49844366,0.9357847,0.5849577,0.26589888,0.42272973,0.7070525,0.81255513,0.39494073,0.755201,0.8693261,0.835791,0.4551962,0.5434927,0.8492374,0.5327743,0.6045046,0.6903949,0.6642049,0.35322607,0.5577056,0.69204605,0.8764484,0.8332546,0.39875445,0.8408997,0.5975543,0.43403536,0.7068355,0.6847782,0.82307637,0.82750773,0.86704355,0.8586657,0.8282465,0.8095656,0.5109162,0.6184542,0.43936485,0.88346446,0.47340524,0.62509215,0.3210796,0.55320054,0.5797147,0.47990382,0.49371496,0.68007016,0.38129598,0.63972217,0.37803754,0.797595,0.536113,0.5783269,0.47329128,0.6466676,0.6232476,0.36738312,0.847527,0.7138039,0.4211512,0.7509147,0.66066575,0.3591864
9,0.36541724,0.85996246,0.33483797,0.7775787,0.8862215,0.90804505,0.7240946,0.81641877,0.9096761,1.0,0.7182753,0.39644167,0.37770864,0.9326207,0.48540735,0.3164282,0.7852446,0.3473163,0.38673538,0.92748904,0.8843548,0.47601706,0.35261714,0.35925597,0.35936537,0.6422013,0.6793877,0.6689404,0.20218413,0.89501953,0.6607846,0.27761242,0.890676,0.4579233,0.7535082,0.51104844,0.35492077,0.56052476,0.9136347,0.58361864,0.26404175,0.40054157,0.7667172,0.91524947,0.3448164,0.8420557,0.92345905,0.90622807,0.39518252,0.49098822,0.9204323,0.603072,0.62942684,0.65711164,0.6203542,0.41671503,0.6143687,0.74430776,0.89712703,0.8714496,0.48434436,0.8871341,0.60907996,0.37601763,0.73416626,0.7661153,0.9031687,0.8807672,0.92746437,0.8962891,0.82639796,0.8281394,0.57303643,0.63114107,0.40554708,0.9116411,0.45549843,0.6253723,0.29012555,0.56064177,0.61704,0.48006925,0.5258992,0.75573933,0.45083386,0.6315895,0.37106538,0.8321137,0.5743864,0.5370673,0.5051453,0.74742985,0.72356206,0.3461068,0.9202292,0.7965505,0.45627004,0.7908436,0.6488781,0.33565062
10,0.58511466,0.61214113,0.56065476,0.68921864,0.82327986,0.7196336,0.7643578,0.63117623,0.72342783,0.7182753,0.9999998,0.5256767,0.56001043,0.6999078,0.6785238,0.5048114,0.724258,0.5881661,0.5400966,0.77490467,0.7431176,0.7063829,0.5979955,0.57791364,0.5736221,0.83148783,0.8157831,0.78852355,0.4709954,0.78941417,0.8104204,0.5054871,0.7382269,0.6703018,0.81474733,0.65404284,0.58241034,0.7646506,0.6643484,0.78006095,0.51299685,0.7389935,0.63466144,0.72247255,0.5523077,0.7930367,0.7161205,0.6910192,0.6669751,0.6985821,0.7427349,0.7761221,0.88077366,0.8675903,0.8217906,0.61367655,0.8260672,0.8450922,0.79626423,0.69682646,0.61709905,0.75489014,0.8334257,0.6387422,0.84136033,0.83867705,0.7242566,0.8258703,0.7021656,0.78767383,0.65199965,0.87946594,0.7508217,0.79732347,0.63618255,0.77510405,0.6834328,0.70758957,0.46982706,0.8075844,0.7983388,0.6990012,0.7964494,0.79798734,0.6947923,0.9010848,0.55124426,0.6276436,0.79874444,0.7334223,0.75039554,0.771404,0.75963485,0.5388471,0.7461443,0.7325355,0.65294003,0.79969585,0.6410032,0.58097804
11,0.65526474,0.35390574,0.6569393,0.44824773,0.38582286,0.47009125,0.44138557,0.37473354,0.40078968,0.39644167,0.5256767,1.0000004,0.65627176,0.3487023,0.43624908,0.7299932,0.40497106,0.63073987,0.7328738,0.43557686,0.35456434,0.6980715,0.6724733,0.72172934,0.54682547,0.57648563,0.59662586,0.5385934,0.46574116,0.38558808,0.5662347,0.59164464,0.3436611,0.70449114,0.4447273,0.41220754,0.6774445,0.61513823,0.39929652,0.7275653,0.55093807,0.5808094,0.49144274,0.4787748,0.7276086,0.46607003,0.37687728,0.37817508,0.5601917,0.7106129,0.36520004,0.55107176,0.5909109,0.57099795,0.5332952,0.4393696,0.58511925,0.56445074,0.42085475,0.35338676,0.38244426,0.4000018,0.64892876,0.6418147,0.60433424,0.50251687,0.40115374,0.45933333,0.4491551,0.41063476,0.33382106,0.46278742,0.68998003,0.6564015,0.6446842,0.38350147,0.6521832,0.6391418,0.6715354,0.7041707,0.62157726,0.6781664,0.63135564,0.4856527,0.5811004,0.6656724,0.6961282,0.3783084,0.6635829,0.54287595,0.6028011,0.4881258,0.502148,0.6503209,0.37297034,0.41026914,0.7147479,0.5460001,0.60139006,0.58118355
12,0.73930925,0.32365206,0.82201743,0.40123498,0.38032252,0.41858613,0.5582193,0.32757032,0.37042207,0.37770864,0.56001043,0.65627176,1.0000001,0.3104023,0.55930024,0.76248115,0.48813635,0.840583,0.7661803,0.39108345,0.3824556,0.7744834,0.89796233,0.8633226,0.6472852,0.61462533,0.5333259,0.5729867,0.7122915,0.3810572,0.50346345,0.81595135,0.33999577,0.72431266,0.36688003,0.5481118,0.8676254,0.5648272,0.3683373,0.70304006,0.72797996,0.7375353,0.46103162,0.4420589,0.75984514,0.4812858,0.38606346,0.38509881,0.7232338,0.6670851,0.39036962,0.52533257,0.5800222,0.5176395,0.52311647,0.54959124,0.63373315,0.5703844,0.36072707,0.32337308,0.5102961,0.39510542,0.7170348,0.7251607,0.5673114,0.54012644,0.42737693,0.4650989,0.43891466,0.42076576,0.30215317,0.44744706,0.5766187,0.6798369,0.85668516,0.33875346,0.768749,0.6838047,0.7637787,0.6721753,0.54309946,0.89914274,0.7251361,0.46760154,0.6319392,0.6871217,0.75396323,0.37499386,0.6820924,0.53343654,0.60420024,0.49643567,0.5600751,0.68825126,0.397091,0.38794112,0.78525746,0.50108814,0.5192834,0.7226192
13,0.34011847,0.8776221,0.28231388,0.7618891,0.88414335,0.8988987,0.6377255,0.847601,0.9033811,0.9326207,0.6999078,0.3487023,0.3104023,1.0000001,0.40199322,0.28708452,0.7067889,0.30734614,0.37062103,0.91787887,0.8580954,0.42003572,0.28334135,0.29644546,0.32226574,0.57488835,0.6153094,0.58267725,0.1281508,0.8739549,0.5882842,0.23858619,0.9304274,0.3661955,0.73455715,0.42734516,0.30820343,0.48865166,0.89734805,0.52464914,0.20301405,0.33477223,0.7362128,0.8636699,0.32153043,0.799484,0.915377,0.8917104,0.36988834,0.48525405,0.9213785,0.5182142,0.58193296,0.6505125,0.6054503,0.34576106,0.53351253,0.6872735,0.92566866,0.9099566,0.39774272,0.86991227,0.5342518,0.32836145,0.6775334,0.6943084,0.8589151,0.8673708,0.89130807,0.8795785,0.86822927,0.83826447,0.5227329,0.54987943,0.37387478,0.9186053,0.39197576,0.5762594,0.23249516,0.5099164,0.5457791,0.39477512,0.4454983,0.6871983,0.36003828,0.6003015,0.34848276,0.84148467,0.50940365,0.54967296,0.4286127,0.67960936,0.60342485,0.30104282,0.9185978,0.76583195,0.39330426,0.73128843,0.6170341,0.27510977
14,0.5115477,0.38794947,0.5692371,0.4002304,0.5957867,0.44756526,0.8103063,0.37015182,0.4160167,0.48540735,0.6785238,0.43624908,0.55930024,0.40199322,0.9999999,0.4427461,0.81132215,0.48455992,0.42972782,0.5340284,0.597755,0.6290834,0.6336312,0.59776896,0.5185333,0.7837986,0.65295017,0.8927386,0.50295985,0.63503265,0.6887474,0.48367336,0.4841256,0.6374912,0.60803056,0.9649006,0.53486353,0.7262238,0.41502693,0.57764333,0.52166903,0.6462052,0.47480756,0.57635236,0.5018883,0.7223318,0.46967626,0.52812195,0.4584715,0.46998698,0.5284412,0.8188224,0.7491002,0.52977455,0.49429187,0.88364196,0.85033405,0.7190802,0.48012275,0.465236,0.93882847,0.54488975,0.61975896,0.51121396,0.676913,0.81887025,0.6020593,0.7094352,0.4685089,0.58034074,0.39834836,0.62144524,0.7209077,0.6704369,0.51991755,0.47848284,0.6103216,0.5618756,0.52757066,0.67420805,0.67841494,0.64652526,0.6403847,0.6985738,0.82945454,0.65844285,0.48907217,0.44023514,0.7937423,0.47439954,0.762612,0.7983055,0.8721416,0.5348153,0.53404045,0.655934,0.574944,0.66968143,0.41803545,0.5817366
15,0.7097684,0.27614897,0.7962868,0.36440524,0.31726792,0.38670182,0.36423618,0.32115886,0.33778983,0.3164282,0.5048114,0.7299932,0.76248115,0.28708452,0.4427461,0.9999998,0.36133468,0.8109635,0.79128075,0.3475467,0.2631593,0.7038444,0.7859209,0.78284156,0.741061,0.51246,0.48899394,0.5059544,0.6475022,0.2726797,0.44350225,0.7103368,0.33330917,0.63666236,0.32807773,0.42978722,0.81355417,0.53466904,0.3212006,0.70053726,0.7444422,0.6977432,0.4144287,0.40986675,0.80940515,0.37796217,0.32858762,0.32507506,0.7023249,0.6554096,0.33240694,0.4487589,0.5063007,0.5355389,0.547042,0.45156837,0.5445713,0.4905311,0.36335757,0.3208825,0.39201498,0.3426663,0.68301415,0.7226685,0.5206801,0.41878054,0.3032581,0.40130392,0.39097536,0.3518088,0.27353483,0.3933441,0.54501724,0.66067106,0.7797284,0.3254581,0.707258,0.6183548,0.7892647,0.64840674,0.5321033,0.80918914,0.6534979,0.3750837,0.5484278,0.65314114,0.76563954,0.32141262,0.62894166,0.54771435,0.53790635,0.40175352,0.44610524,0.73886395,0.33906126,0.31818205,0.76473343,0.4409073,0.5211096,0.7354679
16,0.43753728,0.67611325,0.44586903,0.6052203,0.8168831,0.73615074,0.91578245,0.65313244,0.6835694,0.7852446,0.724258,0.40497106,0.48813635,0.7067889,0.81132215,0.36133468,1.0000001,0.41240275,0.38737327,0.803796,0.88057923,0.56601954,0.5068321,0.49745762,0.42019635,0.79075,0.7058358,0.868747,0.4066442,0.8898076,0.70975685,0.39312506,0.74311054,0.5436772,0.78846014,0.86835635,0.46359777,0.66681147,0.684587,0.5612296,0.4324768,0.57509995,0.6452412,0.8205759,0.40918434,0.91351175,0.75891143,0.815771,0.4103687,0.44943845,0.79776657,0.78587323,0.75531024,0.5841691,0.519543,0.7400308,0.7822429,0.78508735,0.7129321,0.7459139,0.857042,0.83666503,0.6347053,0.42986035,0.76317644,0.88734126,0.88105047,0.908859,0.75966036,0.8457993,0.6879315,0.7913788,0.665244,0.6458568,0.4721843,0.7664285,0.5293126,0.60464525,0.39362863,0.62943166,0.6716826,0.5605576,0.61127245,0.80604255,0.64853334,0.6324816,0.37429076,0.71081245,0.69673705,0.47202632,0.6797432,0.9217589,0.8956075,0.43558872,0.8008362,0.8551397,0.501086,0.8182319,0.5639925,0.48340124
17,0.7809757,0.30353,0.81350553,0.40758926,0.36615217,0.39432257,0.42838258,0.3390487,0.3903634,0.3473163,0.5881661,0.63073987,0.840583,0.30734614,0.48455992,0.8109635,0.41240275,1.0000002,0.7980436,0.3757698,0.32967484,0.7155093,0.85034484,0.8179512,0.67198455,0.57505304,0.51980734,0.5164597,0.67710954,0.35541,0.47620434,0.8357674,0.3723518,0.70054877,0.364595,0.47195995,0.8814409,0.486678,0.35602862,0.7053049,0.6999586,0.73944426,0.39635065,0.3941567,0.8114052,0.44158298,0.34389842,0.38049302,0.8218296,0.7436664,0.3711061,0.48929805,0.5438621,0.6223668,0.61681306,0.50214297,0.5527875,0.5728998,0.37027967,0.34444278,0.4337612,0.3851446,0.7253207,0.8074224,0.52808696,0.4744488,0.34698868,0.44415516,0.36785385,0.41529286,0.30056787,0.46430132,0.55115235,0.7015059,0.9029149,0.35060003,0.7206915,0.6020227,0.79053366,0.67480814,0.52606344,0.854232,0.7135948,0.4152133,0.55186844,0.7156627,0.81173337,0.31987372,0.66161644,0.5773752,0.572291,0.44350192,0.4699834,0.6991621,0.3783905,0.3300606,0.7668076,0.46555012,0.49745315,0.6825633
18,0.77897775,0.36717618,0.80326474,0.43061927,0.3854168,0.4479392,0.42087984,0.38270628,0.42007816,0.38673538,0.5400966,0.7328738,0.7661803,0.37062103,0.42972782,0.79128075,0.38737327,0.7980436,1.0000001,0.41668898,0.37716413,0.76173437,0.7600857,0.7655946,0.65740895,0.546939,0.5319165,0.48318875,0.5647898,0.38735598,0.50292647,0.77136683,0.40431437,0.68852615,0.37088054,0.4107017,0.8155157,0.5025758,0.41275597,0.71607447,0.6280912,0.6969496,0.4733357,0.4504655,0.8041383,0.45778155,0.39576948,0.40987787,0.7506879,0.7300426,0.42434153,0.4866734,0.55165756,0.56156635,0.53670895,0.47297776,0.5439275,0.52251697,0.43803728,0.36670724,0.3773799,0.40269887,0.6842706,0.7137445,0.5672659,0.46336854,0.38660884,0.4556427,0.4595402,0.45798916,0.3466546,0.4902033,0.563568,0.65787303,0.83157736,0.39439702,0.7045013,0.650504,0.73607785,0.6401222,0.5343071,0.76506495,0.64020437,0.44160488,0.51459324,0.6684362,0.77922,0.39103782,0.6331824,0.5670907,0.53375673,0.44480148,0.462135,0.7229645,0.4315918,0.3518265,0.7116795,0.48428187,0.5341594,0.6474334
19,0.41879022,0.85045123,0.36738676,0.7471328,0.93605727,0.908475,0.7523151,0.80902696,0.88555384,0.92748904,0.77490467,0.43557686,0.39108345,0.91787887,0.5340284,0.3475467,0.803796,0.3757698,0.41668898,1.0000001,0.90118897,0.5034939,0.3946727,0.41034892,0.38888568,0.711335,0.73426414,0.7107995,0.22210869,0.92461455,0.70415914,0.3087002,0.8904735,0.50542957,0.8130401,0.55841005,0.37831986,0.6315707,0.868793,0.6107807,0.30320585,0.46512878,0.7772864,0.9244571,0.39564642,0.87959605,0.9053708,0.880888,0.42683816,0.53274715,0.9128412,0.6547118,0.70805025,0.7000345,0.6441221,0.4931448,0.6649488,0.785267,0.9212053,0.88129246,0.5355377,0.9022335,0.63144505,0.41431367,0.7919615,0.80733764,0.8938153,0.8996218,0.90066576,0.9187715,0.84190375,0.89413244,0.64213455,0.6561434,0.4379453,0.92355204,0.4970476,0.62210846,0.33648753,0.6248946,0.6796148,0.49355346,0.5821612,0.8113326,0.5077011,0.67254436,0.41535264,0.8182992,0.60893226,0.607035,0.5591858,0.803131,0.74461716,0.38037226,0.91262627,0.8282743,0.49969453,0.847227,0.67576325,0.38115644
20,0.37979597,0.8050925,0.3356108,0.6988191,0.90771186,0.8386421,0.85176617,0.7845048,0.7915677,0.8843548,0.7431176,0.35456434,0.3824556,0.8580954,0.597755,0.2631593,0.88057923,0.32967484,0.37716413,0.90118897,1.0000001,0.49246657,0.38589364,0.38301027,0.3442737,0.72696924,0.70393175,0.73753214,0.23916134,0.9525039,0.7250448,0.29299185,0.85476816,0.46937186,0.82786596,0.63856864,0.35349965,0.6081034,0.7907085,0.53573114,0.29016963,0.451801,0.6902311,0.87386644,0.32181993,0.9196116,0.88579595,0.88909566,0.36901465,0.47181505,0.91966814,0.70334756,0.70786196,0.6193061,0.5606429,0.53297234,0.67546463,0.7588067,0.84183353,0.8571167,0.62004507,0.91945696,0.5595327,0.35808778,0.7587118,0.8216375,0.92928064,0.9204302,0.84061754,0.9159784,0.8403394,0.8711493,0.6057881,0.5938956,0.3895822,0.88125086,0.45450485,0.58068407,0.2839237,0.5769113,0.66155744,0.46469897,0.53540194,0.84585416,0.501617,0.607549,0.33194166,0.815217,0.5913863,0.49205047,0.5711648,0.8509103,0.78702843,0.3502397,0.92124736,0.8737232,0.42767742,0.81506705,0.61815786,0.34290215
21,0.7483835,0.43009138,0.77893376,0.5123021,0.5177429,0.48864186,0.5906665,0.40578884,0.4965371,0.47601706,0.7063829,0.6980715,0.7744834,0.42003572,0.6290834,0.7038444,0.56601954,0.7155093,0.76173437,0.5034939,0.49246657,1.0,0.8081027,0.7690794,0.66160923,0.7314739,0.6595795,0.6849222,0.6688787,0.5111679,0.6501522,0.70945865,0.46351647,0.73533463,0.52344346,0.60639274,0.8014339,0.6630578,0.45397234,0.7621892,0.70673776,0.78587705,0.53908104,0.5379921,0.7735801,0.5756744,0.48111472,0.4642219,0.70207953,0.70122194,0.5023415,0.6008065,0.71851015,0.6614264,0.65848434,0.61238766,0.7407682,0.66628623,0.4992243,0.41219723,0.5732296,0.49696723,0.7912009,0.70678806,0.70466256,0.64162546,0.50906605,0.5875476,0.5420785,0.53922415,0.40889326,0.6064037,0.65423536,0.77277297,0.7718998,0.48006278,0.78974986,0.80439425,0.7068299,0.7393784,0.6750797,0.8204406,0.74800575,0.58034396,0.6764596,0.76903623,0.6876794,0.44511795,0.7465651,0.644696,0.6870766,0.5823569,0.67514443,0.7125596,0.5076971,0.48816088,0.7397769,0.6313188,0.6017442,0.7182903
22,0.79838765,0.32074344,0.8760706,0.36273628,0.38879687,0.3634184,0.5489388,0.3082853,0.34914356,0.35261714,0.5979955,0.6724733,0.89796233,0.28334135,0.6336312,0.7859209,0.5068321,0.85034484,0.7600857,0.3946727,0.38589364,0.8081027,0.9999999,0.94510543,0.6762784,0.6749718,0.57026434,0.6285063,0.7602813,0.39150417,0.5899836,0.8302586,0.33839816,0.80293185,0.39217612,0.61145014,0.8809798,0.6143719,0.3237625,0.7218306,0.78576046,0.788219,0.42621958,0.43501234,0.8058959,0.49937186,0.36156702,0.38247925,0.7348667,0.69654936,0.39039224,0.58453274,0.63257635,0.56051385,0.535873,0.64162815,0.67756665,0.61105216,0.3454299,0.31233943,0.5835235,0.39932835,0.7375492,0.77622265,0.6136991,0.56580114,0.40921962,0.49123058,0.39234948,0.41888553,0.29512185,0.47529316,0.6436465,0.72723496,0.85498834,0.33560687,0.7996093,0.6549232,0.8101549,0.7230152,0.61735296,0.87537986,0.75143933,0.51714265,0.7147507,0.7110101,0.7704847,0.34490448,0.7313471,0.56851983,0.6692599,0.5240059,0.59273535,0.7468677,0.39702386,0.4152642,0.804047,0.5288241,0.50911474,0.7282022
23,0.801937,0.31715798,0.89005566,0.36767656,0.37285417,0.38358992,0.5301955,0.30949542,0.35230565,0.35925597,0.57791364,0.72172934,0.8633226,0.29644546,0.59776896,0.78284156,0.49745762,0.8179512,0.7655946,0.41034892,0.38301027,0.7690794,0.94510543,1.0000001,0.70435715,0.64041257,0.5692528,0.61642706,0.72849166,0.3987948,0.62688214,0.81912315,0.33998734,0.78206545,0.40243173,0.58321893,0.8388842,0.6229572,0.32520914,0.7219715,0.7802237,0.75235313,0.42605597,0.4468112,0.8090273,0.48474085,0.36637414,0.4021914,0.7248043,0.6732615,0.4060416,0.57821727,0.61796963,0.53379285,0.5073432,0.63501984,0.66995555,0.6034199,0.36031234,0.31416917,0.55380964,0.40477473,0.7112987,0.7539898,0.6254601,0.5467591,0.40738088,0.49154925,0.4091538,0.40484405,0.28729582,0.47625372,0.64827096,0.73812103,0.81504595,0.34264296,0.78888565,0.6268348,0.8203142,0.7179544,0.63671213,0.83929527,0.72428024,0.50908566,0.6910448,0.6932412,0.78664386,0.3337714,0.7249601,0.5445505,0.6628301,0.5217626,0.59547603,0.8091588,0.41155672,0.421021,0.7992441,0.5361186,0.49460888,0.7308489
24,0.65885663,0.25709158,0.7849043,0.36127427,0.3663172,0.33511946,0.40985227,0.26763928,0.40074313,0.35936537,0.5736221,0.54682547,0.6472852,0.32226574,0.5185333,0.741061,0.42019635,0.67198455,0.65740895,0.38888568,0.3442737,0.66160923,0.6762784,0.70435715,1.0000002,0.47571874,0.45356178,0.53228897,0.5855385,0.37181485,0.53381336,0.6287867,0.38822934,0.5452125,0.3518821,0.51712537,0.6716471,0.5095866,0.34420526,0.5849135,0.7232137,0.7036308,0.30753487,0.4137133,0.64157414,0.36872053,0.38936102,0.3873744,0.7224551,0.5634129,0.45164397,0.48014805,0.5214544,0.45774105,0.54262197,0.56580746,0.5770781,0.48680207,0.42363766,0.30059624,0.47665355,0.36936605,0.6465042,0.5684966,0.52440965,0.4206692,0.3314192,0.47146395,0.40991455,0.3800543,0.28004655,0.50395334,0.44209117,0.7374908,0.6697843,0.36287382,0.65300184,0.584027,0.7619046,0.5516838,0.5566674,0.7747048,0.56823146,0.38379,0.55601835,0.62202555,0.7279207,0.28975886,0.5709876,0.42401952,0.49662822,0.40849242,0.521627,0.8523025,0.45769638,0.3212561,0.607898,0.38510564,0.37010258,0.7706837
25,0.6287364,0.5496445,0.5916902,0.5962845,0.74183285,0.6445917,0.84854996,0.56007266,0.6040811,0.6422013,0.83148783,0.57648563,0.61462533,0.57488835,0.7837986,0.51246,0.79075,0.57505304,0.546939,0.711335,0.72696924,0.7314739,0.6749718,0.64041257,0.47571874,1.0000001,0.8436179,0.867156,0.54268897,0.75282073,0.84466165,0.52163136,0.5883539,0.7708149,0.7913519,0.75585186,0.62630165,0.8356241,0.57922256,0.76204896,0.5445764,0.7160119,0.64439523,0.7113136,0.624372,0.8381523,0.6469928,0.6185124,0.5528591,0.6524215,0.6373168,0.84602773,0.920934,0.7343234,0.66012853,0.7037306,0.87934923,0.8469881,0.63564837,0.60967064,0.7215128,0.70569575,0.7825471,0.63764536,0.85466874,0.9019717,0.7413833,0.8010016,0.6481807,0.7277838,0.60059714,0.78183097,0.84746516,0.7478715,0.6223382,0.6432092,0.7147397,0.6981994,0.5448258,0.83179104,0.8307066,0.69464207,0.7817111,0.8448745,0.8039133,0.78443587,0.5529895,0.60779536,0.8717607,0.6429126,0.8410885,0.8572161,0.85558355,0.52020025,0.64099663,0.75630593,0.6977716,0.83945787,0.6661122,0.54860115
26,0.5474564,0.59289014,0.5041402,0.6487831,0.75415444,0.668312,0.7732656,0.5563569,0.66997075,0.6793877,0.8157831,0.59662586,0.5333259,0.6153094,0.65295017,0.48899394,0.7058358,0.51980734,0.5319165,0.73426414,0.70393175,0.6595795,0.57026434,0.5692528,0.45356178,0.8436179,0.9999998,0.78134316,0.39521372,0.75918555,0.8678285,0.48371455,0.6200054,0.73235327,0.8316045,0.6126553,0.55616295,0.8635452,0.6434811,0.81871355,0.4388315,0.6737923,0.6903473,0.719893,0.54204416,0.78375906,0.6779826,0.626487,0.510159,0.63282824,0.6422647,0.7926934,0.8787515,0.81161785,0.7034848,0.5776245,0.8285152,0.84199184,0.6707685,0.6347877,0.5759586,0.72388214,0.7700922,0.6306628,0.8778341,0.8728926,0.70825434,0.76733065,0.6913372,0.73755926,0.5831107,0.7914728,0.84671026,0.7344559,0.5815071,0.7059437,0.71747625,0.6862142,0.45027852,0.8614562,0.8733567,0.64057815,0.79187465,0.87349594,0.71615213,0.8002385,0.4868943,0.58866215,0.86213124,0.68489003,0.85679656,0.8236253,0.77905715,0.47509807,0.64617825,0.7777095,0.66231525,0.8820735,0.6673603,0.5352245
27,0.53548217,0.5713227,0.56069523,0.57605094,0.7407148,0.6512903,0.86626166,0.53591776,0.56848574,0.6689404,0.78852355,0.5385934,0.5729867,0.58267725,0.8927386,0.5059544,0.868747,0.5164597,0.48318875,0.7107995,0.73753214,0.6849222,0.6285063,0.61642706,0.53228897,0.867156,0.78134316,1.0000002,0.46235985,0.7723509,0.8040699,0.47550339,0.620613,0.67928976,0.76110494,0.8687048,0.5528531,0.8431108,0.5613332,0.72056055,0.50338614,0.6541263,0.65907496,0.76558733,0.548646,0.82765883,0.661602,0.6689478,0.47914386,0.5583246,0.6823467,0.85080713,0.8474926,0.68340564,0.59614825,0.80874026,0.943508,0.8591337,0.6441834,0.62775254,0.85064065,0.6901021,0.72406,0.5593414,0.82498556,0.9096229,0.75749886,0.8280287,0.6792879,0.7204058,0.5395838,0.7724416,0.82633334,0.7839726,0.5626564,0.6317804,0.65912735,0.6900474,0.5171376,0.78787595,0.80821216,0.69321525,0.71226746,0.81143165,0.8341223,0.7563195,0.5062607,0.5703897,0.85724944,0.606372,0.83560467,0.8999125,0.94244623,0.538684,0.6866875,0.77151793,0.65549874,0.80968684,0.5906714,0.5806215
28,0.59088993,0.14790285,0.7437207,0.21214983,0.2622442,0.22508171,0.415012,0.19759057,0.21360591,0.20218413,0.4709954,0.46574116,0.7122915,0.1281508,0.50295985,0.6475022,0.4066442,0.67710954,0.5647898,0.22210869,0.23916134,0.6688787,0.7602813,0.72849166,0.5855385,0.54268897,0.39521372,0.46235985,1.0,0.2442766,0.42353976,0.6961525,0.1916457,0.6377431,0.2894037,0.5149338,0.7442614,0.46065873,0.17984504,0.53699476,0.82460225,0.72617763,0.23066096,0.27298537,0.63815415,0.3514399,0.19808283,0.23066854,0.62675405,0.48538083,0.23441298,0.45603037,0.4901126,0.37230054,0.41434225,0.5105872,0.51590145,0.43063968,0.19208056,0.1673921,0.49059755,0.2945012,0.6150923,0.5996698,0.4168481,0.41769618,0.2646187,0.34110105,0.2432994,0.2736724,0.158846,0.30516264,0.4585635,0.55205095,0.6621243,0.2071666,0.7285905,0.47109485,0.70208544,0.53269666,0.48335254,0.67948085,0.6273392,0.331603,0.53548974,0.53476214,0.5782522,0.23758695,0.555496,0.3653297,0.5151571,0.37625486,0.45367694,0.6066362,0.23912622,0.27842352,0.66798407,0.38306087,0.3566656,0.70491827
29,0.4039125,0.7975429,0.35094112,0.7181097,0.9254992,0.8451505,0.8551852,0.7578353,0.8333735,0.89501953,0.78941417,0.38558808,0.3810572,0.8739549,0.63503265,0.2726797,0.8898076,0.35541,0.38735598,0.92461455,0.9525039,0.5111679,0.39150417,0.3987948,0.37181485,0.75282073,0.75918555,0.7723509,0.2442766,1.0,0.754321,0.32163382,0.8634962,0.4994084,0.85627556,0.65521836,0.36427253,0.6465639,0.829467,0.5821279,0.29722708,0.48596966,0.69987696,0.8798424,0.33827952,0.9184519,0.8813698,0.8751626,0.4018399,0.4814781,0.910737,0.7420492,0.7619518,0.66866755,0.6022619,0.56388646,0.7239679,0.794307,0.875466,0.8514218,0.6390842,0.91975915,0.61686695,0.3741274,0.7920009,0.8632544,0.9206139,0.94089055,0.8614547,0.93284476,0.8215519,0.91906595,0.6440809,0.62869656,0.42792958,0.891449,0.48677215,0.597162,0.29160556,0.6199243,0.68468094,0.48367068,0.58342814,0.85654944,0.54184663,0.6623292,0.35881203,0.78571737,0.6488668,0.5099543,0.620026,0.8667962,0.80728245,0.3756261,0.9122057,0.87510324,0.4528249,0.8368668,0.6075649,0.37267318
30,0.57848775,0.5652818,0.56697226,0.59505963,0.71960706,0.6242645,0.7699253,0.52460814,0.6158169,0.6607846,0.8104204,0.5662347,0.50346345,0.5882842,0.6887474,0.44350225,0.70975685,0.47620434,0.50292647,0.70415914,0.7250448,0.6501522,0.5899836,0.62688214,0.53381336,0.84466165,0.8678285,0.8040699,0.42353976,0.754321,0.99999994,0.44584143,0.60015124,0.7202518,0.7927467,0.65836906,0.5147842,0.8657789,0.58631384,0.777231,0.4615535,0.6451329,0.6370077,0.69144267,0.5504335,0.75490904,0.6572845,0.62706184,0.49982756,0.60534215,0.6822674,0.81210136,0.8573653,0.7377838,0.6740171,0.6734781,0.8425858,0.8521756,0.65418434,0.59585166,0.628363,0.7130922,0.7299607,0.5974713,0.8948076,0.83354414,0.6938247,0.77873474,0.66909885,0.69754684,0.56086254,0.7872961,0.82441896,0.7917633,0.53510857,0.6433092,0.70232683,0.6332244,0.49880552,0.83846486,0.9121555,0.6304625,0.7175894,0.8636682,0.7429527,0.76783884,0.5173906,0.5405203,0.8176329,0.6282879,0.85111237,0.8123747,0.8169992,0.58963454,0.6849333,0.74348474,0.6692878,0.81719315,0.60256094,0.53750736
31,0.75296646,0.25528505,0.84212255,0.37344325,0.31960514,0.28736275,0.40499574,0.24404328,0.31257355,0.27761242,0.5054871,0.59164464,0.81595135,0.23858619,0.48367336,0.7103368,0.39312506,0.8357674,0.77136683,0.3087002,0.29299185,0.70945865,0.8302586,0.81912315,0.6287867,0.52163136,0.48371455,0.47550339,0.6961525,0.32163382,0.44584143,1.0,0.27686605,0.6795303,0.3028769,0.46594894,0.85049874,0.45569193,0.29562414,0.65759957,0.6588756,0.7049914,0.34395343,0.33281636,0.7080419,0.38359076,0.2970787,0.31122822,0.7318056,0.6248745,0.31443068,0.45348358,0.5134539,0.5007034,0.48673585,0.5175842,0.52757037,0.4833534,0.29908815,0.24759309,0.4417138,0.31944898,0.6461004,0.6754214,0.4838738,0.43084472,0.3096835,0.38502568,0.34715414,0.3429948,0.24070513,0.41630816,0.48868135,0.6012745,0.8709922,0.27743235,0.6747563,0.5814059,0.6813451,0.58383274,0.47808325,0.78813845,0.6480639,0.37019414,0.48675606,0.62426716,0.7583175,0.25556982,0.6098806,0.45691144,0.51156366,0.39304048,0.43460023,0.65387297,0.31958878,0.28686127,0.6423991,0.40143117,0.37936008,0.6429666
32,0.40448847,0.8636988,0.33986357,0.75441515,0.8830403,0.87434673,0.6622404,0.85904443,0.88597757,0.890676,0.7382269,0.3436611,0.33999577,0.9304274,0.4841256,0.33330917,0.74311054,0.3723518,0.40431437,0.8904735,0.85476816,0.46351647,0.33839816,0.33998734,0.38822934,0.5883539,0.6200054,0.620613,0.1916457,0.8634962,0.60015124,0.27686605,1.0,0.4054334,0.7331792,0.5211379,0.35082343,0.4899742,0.871241,0.5350045,0.2640165,0.424244,0.69209146,0.8431147,0.36814335,0.810574,0.8914685,0.91417015,0.434664,0.5189969,0.90881777,0.5547288,0.60832226,0.689435,0.63880986,0.4397886,0.5646443,0.7306595,0.91304624,0.9215739,0.49121898,0.8781593,0.5664133,0.4249125,0.70003533,0.6922959,0.8465854,0.86142826,0.8485793,0.88870585,0.8872035,0.84503067,0.5256743,0.6170716,0.39916995,0.92761505,0.41030335,0.56257176,0.2976609,0.5420478,0.56427085,0.44996536,0.48556203,0.6975781,0.40682742,0.64889854,0.35847622,0.83610535,0.5329747,0.59784424,0.45638776,0.7104317,0.64479095,0.3682145,0.90894413,0.75287986,0.40127724,0.7445135,0.64850223,0.3340126
33,0.6921282,0.410842,0.7343284,0.4599477,0.5179509,0.4746915,0.607895,0.3955019,0.44592518,0.4579233,0.6703018,0.70449114,0.72431266,0.3661955,0.6374912,0.63666236,0.5436772,0.70054877,0.68852615,0.50542957,0.46937186,0.73533463,0.80293185,0.78206545,0.5452125,0.7708149,0.73235327,0.67928976,0.6377431,0.4994084,0.7202518,0.6795303,0.4054334,1.0,0.57330036,0.58898574,0.7221621,0.75769365,0.41761833,0.8020998,0.6500602,0.74134636,0.5743768,0.5313617,0.708606,0.6083832,0.4259773,0.44356042,0.6466783,0.7074939,0.43190965,0.7146987,0.76455444,0.67330706,0.609836,0.6242653,0.74805826,0.7445018,0.4420098,0.4212145,0.55719227,0.5071436,0.75143266,0.7533568,0.74122024,0.6984081,0.5100817,0.5555903,0.4775851,0.5208021,0.385862,0.5694036,0.79019535,0.732286,0.7152989,0.4647536,0.7921994,0.6387598,0.66222876,0.8208081,0.7555424,0.7486016,0.7715731,0.6586489,0.8008036,0.7759281,0.69809103,0.4266829,0.82951945,0.6582685,0.7781457,0.64377403,0.645852,0.6190372,0.4389918,0.5237146,0.8103285,0.67169833,0.56487983,0.64690113
34,0.41907716,0.69983727,0.33824307,0.6965066,0.8531519,0.7692987,0.8129559,0.7063306,0.7049229,0.7535082,0.81474733,0.4447273,0.36688003,0.73455715,0.60803056,0.32807773,0.78846014,0.364595,0.37088054,0.8130401,0.82786596,0.52344346,0.39217612,0.40243173,0.3518821,0.7913519,0.8316045,0.76110494,0.2894037,0.85627556,0.7927467,0.3028769,0.7331792,0.57330036,0.99999976,0.6061916,0.39126545,0.77771,0.68832356,0.66950685,0.32166487,0.56077546,0.7018305,0.7683312,0.41001242,0.86247563,0.73021173,0.738467,0.4312821,0.50530064,0.7263249,0.7928313,0.83738005,0.76907074,0.6513039,0.51483095,0.75364745,0.8336186,0.75610876,0.777435,0.57999295,0.8355477,0.641641,0.49070656,0.8153539,0.87541926,0.81549454,0.8561684,0.7106476,0.80256265,0.7154659,0.8238677,0.7637235,0.62137747,0.42241246,0.80461514,0.58101267,0.5895381,0.30831635,0.76439303,0.7870945,0.47379917,0.6690335,0.86965203,0.60667694,0.70941937,0.32336277,0.6943946,0.7066988,0.6374954,0.76577973,0.8689872,0.7414961,0.33503085,0.72857666,0.8988724,0.53503174,0.8627344,0.65392745,0.4411938
35,0.50264657,0.41724402,0.557601,0.40598676,0.6057067,0.47310948,0.81021714,0.40782213,0.4374355,0.51104844,0.65404284,0.41220754,0.5481118,0.42734516,0.9649006,0.42978722,0.86835635,0.47195995,0.4107017,0.55841005,0.63856864,0.60639274,0.61145014,0.58321893,0.51712537,0.75585186,0.6126553,0.8687048,0.5149338,0.65521836,0.65836906,0.46594894,0.5211379,0.58898574,0.6061916,1.0000002,0.5242413,0.65762866,0.44380957,0.5423828,0.5405234,0.63847935,0.4833058,0.5952955,0.48980933,0.7395581,0.49031594,0.57898974,0.4528951,0.44400805,0.56538874,0.77692,0.7142305,0.49900502,0.47746855,0.9053726,0.7963042,0.7133018,0.4904014,0.49600983,0.98706317,0.5817307,0.60426,0.49268806,0.6639387,0.801838,0.63421166,0.7406841,0.49062577,0.62018317,0.43253452,0.62353516,0.6599323,0.66266143,0.51145345,0.50719035,0.5836301,0.53894925,0.51877666,0.62985307,0.6327466,0.6268143,0.61138386,0.66893923,0.7668958,0.6259893,0.46109253,0.48121402,0.73409,0.44572356,0.71378016,0.8180852,0.8601886,0.5381681,0.57081234,0.6683452,0.53829014,0.6687929,0.42577022,0.57762384
36,0.78257173,0.3223722,0.84630793,0.42359674,0.37552193,0.38520837,0.4774004,0.33542746,0.3718593,0.35492077,0.58241034,0.6774445,0.8676254,0.30820343,0.53486353,0.81355417,0.46359777,0.8814409,0.8155157,0.37831986,0.35349965,0.8014339,0.8809798,0.8388842,0.6716471,0.62630165,0.55616295,0.5528531,0.7442614,0.36427253,0.5147842,0.85049874,0.35082343,0.7221621,0.39126545,0.5242413,0.9999999,0.54936516,0.33331746,0.72083485,0.7530261,0.80607307,0.4463587,0.4260548,0.8086138,0.47013053,0.3736272,0.37235302,0.7846257,0.72826636,0.3728699,0.49747586,0.5979798,0.58712065,0.5856223,0.54395926,0.5934347,0.57411957,0.3689091,0.32961574,0.4907424,0.40876177,0.79989356,0.7822153,0.5759082,0.5244062,0.37718987,0.45862716,0.42994398,0.42017967,0.2946555,0.47104686,0.58081317,0.69770944,0.89712083,0.3570395,0.766852,0.6869676,0.79119015,0.69237566,0.5927372,0.8547524,0.7533406,0.4618987,0.5803791,0.69802856,0.75542736,0.36376643,0.6866704,0.5915742,0.605659,0.4839292,0.5246844,0.6900264,0.37874806,0.3692928,0.7678957,0.5012193,0.5300077,0.7273246
