,0,1,2,3,4,5,6,7,8,9,10,11,12,13,14,15,16,17,18,19,20,21,22,23,24,25,26,27,28,29,30,31,32,33,34,35,36,37,38,39,40,41,42,43,44,45,46,47,48,49,50,51,52,53,54,55,56,57,58,59,60,61,62,63,64,65,66,67,68,69,70,71,72,73,74,75,76,77,78,79,80,81,82,83,84,85,86,87,88,89,90,91,92,93,94,95,96,97,98,99
0,1.0,0.25840598,0.34031522,0.23358846,0.2804324,0.374654,0.33333158,0.16562194,0.3721519,0.25754344,0.31129155,0.2369732,0.39677596,0.4079104,0.32821742,0.30177101,0.23248011,0.327838,0.2930113,0.2819177,0.41382703,0.3141485,0.4403842,0.41942468,0.17411888,0.52004725,0.3415903,0.20739746,0.16773674,0.43829545,0.24936968,0.29730952,0.38098162,0.5585027,0.12865755,0.33255994,0.35279477,0.4224119,0.3903981,0.3771134,0.35646415,0.40180737,0.23870957,0.32874656,0.397033,0.40888268,0.54736865,0.34798658,0.37250876,0.26674083,0.44976908,0.3723421,0.58222353,0.32955942,0.24555938,0.35142684,0.4390986,0.2497158,0.47447938,0.4089085,0.36375916,0.29434294,0.35509557,0.36213407,0.4559967,0.39235348,0.47725424,0.4328069,0.27329716,0.29122567,0.15110448,0.45692962,0.2907663,0.36237282,0.44110078,0.3591981,0.25422937,0.34297293,0.115117475,0.40604717,0.24688287,0.42395803,0.34827125,0.47813755,0.11616064,0.43179533,0.31754267,0.3396424,0.4917677,0.38140225,0.433925,0.31067845,0.4509185,0.26929697,0.43342274,0.26655087,0.24629518,0.13009667,0.10748536,0.13017058
1,0.25840598,1.0,0.39918524,0.27220416,0.25978035,0.5221117,0.16888614,0.43625778,0.13941643,0.24595277,0.2826207,0.3341899,0.3901658,0.5278624,0.1492033,0.39673275,0.26777616,0.49418417,0.22254585,0.38748288,0.21486226,0.23633778,0.33749357,0.35745203,0.124237254,0.2636675,0.21855038,0.34133816,0.22152716,0.2997681,0.21043977,0.2234866,0.47278857,0.44268528,0.121829346,0.13901451,0.4151485,0.35101593,0.29043782,0.3807966,0.12118113,0.10021372,0.40724576,0.41272247,0.30084002,0.56170183,0.405181,0.44263083,0.22647789,0.3219762,0.24767911,0.4552728,0.3056296,0.25479752,0.23396888,0.2523943,0.310416,0.41638595,0.44586003,0.48532695,0.1493034,0.3837632,0.2302782,0.5131247,0.2690674,0.48005885,0.4446956,0.5499165,0.40974852,0.31190884,0.116392255,0.33178902,0.50693524,0.3412906,0.31823295,0.38969937,0.3126887,0.3141477,0.35220712,0.4770426,0.31593928,0.26423308,0.19772789,0.43548912,0.20236449,0.3360939,0.44145903,0.31261224,0.3742916,0.4645276,0.38930976,0.5497432,0.30568904,0.20504025,0.23481578,0.32812726,0.4544434,0.33733994,0.32546026,0.097613685
2,0.34031522,0.39918524,0.9999998,0.22215497,0.26546252,0.39364398,0.4370652,0.34760308,0.34155,0.3437223,0.27804464,0.36892006,0.5326859,0.2949414,0.37573582,0.3578093,0.31813812,0.29891735,0.2369386,0.35229534,0.38953125,0.3685441,0.50960255,0.5996437,0.38946763,0.34353447,0.10587181,0.24968013,0.33847773,0.26763946,0.39477545,0.44442225,0.4280461,0.52979743,0.27045652,0.38135457,0.4474805,0.33404553,0.24871817,0.4073543,0.29003984,0.3126814,0.29727548,0.48684728,0.28357133,0.37391013,0.3741625,0.51617295,0.3890477,0.23306632,0.3107169,0.38460302,0.51290464,0.31144577,0.19377363,0.44336015,0.37804,0.30195165,0.44938532,0.4307881,0.39697424,0.4252748,0.35213175,0.3840309,0.45778024,0.28359258,0.51983553,0.42070675,0.3751232,0.36643612,0.122516036,0.39292204,0.28851825,0.3906418,0.34045,0.4728365,0.44361833,0.39236796,0.20341139,0.38911003,0.43519658,0.38967752,0.23355609,0.52862155,0.21311015,0.39426437,0.25225386,0.28164938,0.48035073,0.38688332,0.31638038,0.36215198,0.39133063,0.2504356,0.3218726,0.53254277,0.28907782,0.28050953,0.31829497,0.40372968
3,0.23358846,0.27220416,0.22215497,0.9999999,0.44497138,0.33382338,-0.0139273945,0.28021803,0.33497882,0.3617228,0.41067475,0.1599645,0.16094247,0.48726362,0.0024331864,0.2489143,0.14199916,0.30639294,0.17313962,0.1922564,0.11891112,0.22970644,0.10839352,0.08909525,0.037263453,0.16978227,0.28649765,0.10981032,0.06782654,0.5033923,0.145726,0.33111125,0.24792735,0.25385565,0.16237494,-0.0035035256,0.25967705,0.17997837,0.38179606,0.3314833,0.030520065,0.08277543,0.21879768,0.020601612,0.1820193,0.21036077,0.2899855,0.4161443,0.28011912,0.28935477,0.14256439,0.18911353,0.30259615,0.15165094,0.3360591,0.14518006,0.23783058,0.36313492,0.36383095,0.2829125,0.0029373043,0.24976496,0.25374967,0.25122333,0.14884043,0.44124508,0.32183474,0.5121165,0.22209418,0.21162894,0.18969752,0.32904834,0.21561337,0.3985128,0.3600756,0.23429334,0.2565596,0.28184342,0.12489991,0.33733758,0.20924683,0.23463699,0.1695227,0.27575648,-0.036285155,0.29282808,0.1825394,0.26827633,0.27843618,0.28754172,0.24693432,0.3400538,0.20593867,0.029020455,0.13376608,0.25285643,0.29339692,0.11785156,0.1789099,0.026278008
4,0.2804324,0.25978035,0.26546252,0.44497138,1.0000002,0.49522954,0.23527963,0.4082583,0.4368626,0.25211778,0.6061366,0.22303206,0.31247997,0.59378594,0.16795182,0.3629468,0.10081443,0.4195847,0.16280383,0.25943193,0.26051098,0.27381027,0.26717752,0.19024757,0.20211384,0.4463523,0.23457243,0.30474395,0.1415821,0.36705273,0.22090307,0.26726425,0.33396173,0.44731537,0.35173556,0.1714727,0.2985134,0.22589701,0.21158974,0.20898423,0.20832402,0.1679821,0.21600214,0.28645027,0.39272586,0.38313723,0.34629956,0.43462518,0.28875086,0.36506456,0.21581721,0.2615488,0.43344873,0.33273628,0.6412226,0.27617365,0.26495662,0.39819807,0.56258816,0.4344334,0.18158877,0.29434383,0.38435894,0.42673585,0.2236955,0.23504801,0.37181646,0.533106,0.19169435,0.31935018,0.3407441,0.44697934,0.27629608,0.4870251,0.38351905,0.34057757,0.3746376,0.16083415,0.19561464,0.4291185,0.3215472,0.34362575,0.3274794,0.32320136,0.07565927,0.47070235,0.25773203,0.31465358,0.30384347,0.28934136,0.4270434,0.43415093,0.30963305,0.17015828,0.2056838,0.360605,0.47301155,0.23371196,0.29017818,0.21834633
5,0.374654,0.5221117,0.39364398,0.33382338,0.49522954,1.0000001,0.25580966,0.5467237,0.34792382,0.3937367,0.41236663,0.38008118,0.53342766,0.5860379,0.17592335,0.54344165,0.17739806,0.6032829,0.28893334,0.51328707,0.42791024,0.29256755,0.4560479,0.41326493,0.22027597,0.41710985,0.34438688,0.5140119,0.1700786,0.4511094,0.32523814,0.33225465,0.3516909,0.51324147,0.28356087,0.16598976,0.51857543,0.28793818,0.41153866,0.51565844,0.17560346,0.1590544,0.48615354,0.40181965,0.5560623,0.5362623,0.6001326,0.58338857,0.26282167,0.47938982,0.5237503,0.4412911,0.37560248,0.517988,0.44502068,0.45088643,0.36008638,0.4810562,0.63972735,0.57003003,0.19056228,0.39251044,0.3442757,0.6562106,0.43296006,0.422913,0.52925926,0.6313914,0.38742504,0.44473243,0.3076515,0.37903768,0.56545895,0.44871983,0.46397617,0.49276567,0.43008095,0.32600367,0.2762758,0.5956001,0.5199616,0.4488348,0.29937783,0.49197328,0.21262294,0.6167756,0.5183937,0.4216487,0.47705245,0.49567315,0.59616756,0.60777843,0.45909435,0.33698893,0.5008431,0.4771428,0.6267703,0.44408906,0.4080886,0.20505151
6,0.33333158,0.16888614,0.4370652,-0.0139273945,0.23527963,0.25580966,1.0000002,0.08845524,0.18206754,0.25904554,0.24550274,0.20580478,0.6623564,0.19636613,0.7461193,0.2412217,0.26477244,0.20580114,0.13533925,0.20960684,0.34696198,0.3856219,0.63668525,0.61491966,0.17335579,0.4414122,0.19429107,0.24575138,0.27902386,0.22003144,0.4001499,0.4040193,0.4162695,0.50935423,0.1931782,0.74739146,0.3103835,0.2146084,0.14992845,0.16407883,0.57217216,0.3965345,0.2132991,0.5729834,0.29707474,0.44927105,0.14279242,0.389588,0.22820045,0.14517367,0.21250588,0.4140156,0.4242933,0.15289342,0.20977598,0.40155056,0.22767848,0.13648193,0.21851473,0.26644707,0.75928223,0.31486762,0.33352172,0.19395974,0.28854436,0.15906048,0.46835423,0.16460407,0.2171765,0.22437726,0.074677005,0.3000269,0.15910968,0.3460676,0.26834613,0.28882128,0.4695273,0.31799966,0.10612886,0.16628537,0.19680281,0.40204751,0.3002423,0.37745798,0.27077773,0.36119217,0.19386664,0.3356797,0.35420287,0.20436186,0.25778145,0.3334307,0.45459235,0.12079663,0.22661106,0.27717775,0.24087134,0.12037356,0.27025276,0.32509845
7,0.16562194,0.43625778,0.34760308,0.28021803,0.4082583,0.5467237,0.08845524,0.9999999,0.19743401,0.28733003,0.30334827,0.34384823,0.35828465,0.4526438,0.09542607,0.4458797,0.1879772,0.4239698,0.33981067,0.38097572,0.24824002,0.30188712,0.33395827,0.32318455,0.16958532,0.16171937,0.17134388,0.5381526,0.17634523,0.22592574,0.14059447,0.2601167,0.34345442,0.3995646,0.31574994,0.09053165,0.41368437,0.24967887,0.13259947,0.32761782,0.15589398,0.07643079,0.409796,0.322648,0.3437663,0.44323784,0.37600994,0.47390687,0.27369982,0.3863076,0.29369146,0.34760752,0.2955013,0.35129708,0.45452,0.32987496,0.28532082,0.4486618,0.5860067,0.4451438,0.08690111,0.30393398,0.2534285,0.5332607,0.25680253,0.37859923,0.3508384,0.5385261,0.2541218,0.4056337,0.26865467,0.32996964,0.4978789,0.4082539,0.32479483,0.44404343,0.34449524,0.17900893,0.27301526,0.41877294,0.49027625,0.23235387,0.2358869,0.3483742,0.22786745,0.47222784,0.40017074,0.2460587,0.33835828,0.38541088,0.26339364,0.47995746,0.2125141,0.29982796,0.3103699,0.28688693,0.49398634,0.26784548,0.28540277,0.18926392
8,0.3721519,0.13941643,0.34155,0.33497882,0.4368626,0.34792382,0.18206754,0.19743401,1.0000004,0.44208655,0.38635105,0.16720557,0.21599987,0.39307126,0.15768963,0.34467903,0.21155237,0.36962333,0.19327086,0.4318645,0.2834406,0.27521867,0.27052867,0.21738245,0.18563634,0.5027289,0.20821351,0.1493966,0.31931484,0.33978188,0.22941706,0.27543432,0.29233944,0.44289863,0.32136834,0.16151762,0.22686732,0.22743052,0.37674046,0.2823258,0.21518849,0.33556828,0.1931552,0.18816519,0.49100554,0.2890616,0.29026446,0.41802412,0.42973748,0.19320956,0.25157496,0.1446653,0.38972938,0.47623962,0.38854083,0.34787798,0.30382365,0.24828407,0.348172,0.31799746,0.19258425,0.2890668,0.38621438,0.42325324,0.33523577,0.25178942,0.3318596,0.3974187,0.2661957,0.305336,0.10525207,0.35284644,0.1335729,0.38294572,0.40256622,0.49880546,0.34597903,0.29592037,0.17386211,0.38393116,0.28827375,0.30984843,0.35432887,0.29018226,0.04943085,0.35935408,0.10968001,0.33446246,0.34345222,0.32055354,0.44170627,0.26891255,0.40813047,0.051693764,0.24844138,0.34945804,0.21242474,0.23069213,0.16024184,0.20717129
9,0.25754344,0.24595277,0.3437223,0.3617228,0.25211778,0.3937367,0.25904554,0.28733003,0.44208655,1.0000002,0.23212492,0.2807211,0.42062068,0.32567963,0.18907914,0.35523427,0.22370562,0.34791368,0.12512831,0.4262811,0.31271935,0.3158486,0.31369781,0.3028711,0.20372838,0.32444417,0.19656335,0.28028858,0.14097758,0.45912957,0.19880813,0.32682094,0.3004001,0.30209747,0.22668715,0.173012,0.2860102,0.24897727,0.4348086,0.41590297,0.31370905,0.20724499,0.3778854,0.21613961,0.37779987,0.37792185,0.2850541,0.41957378,0.27350697,0.18997295,0.24193865,0.3193375,0.2519324,0.30030566,0.23145276,0.3248734,0.28687653,0.34744236,0.26827943,0.22972001,0.18562126,0.24852619,0.30853698,0.3319189,0.2640175,0.37062633,0.40960616,0.36573148,0.53329647,0.22831586,0.05733437,0.23975766,0.21981636,0.34078157,0.30315888,0.334275,0.34399432,0.38159025,0.2790467,0.305181,0.2906351,0.34175453,0.3072048,0.2889734,0.19979632,0.35791987,0.23021184,0.37878695,0.3428253,0.32583058,0.39244294,0.3429973,0.3132187,0.11915621,0.25360125,0.2900079,0.21511886,0.2835141,0.29595822,0.26197445
10,0.31129155,0.2826207,0.27804464,0.41067475,0.6061366,0.41236663,0.24550274,0.30334827,0.38635105,0.23212492,1.0,0.1315772,0.33996236,0.580727,0.15549289,0.35030037,0.30551112,0.57117474,0.28508067,0.2731176,0.22887754,0.18927337,0.27315605,0.22886133,0.39891323,0.33155477,0.25207716,0.29535997,0.291335,0.42371285,0.10068855,0.30196756,0.27310216,0.5282004,0.4554879,0.16770798,0.3747977,0.22811916,0.2598402,0.22839989,0.18535176,0.4597523,0.04843053,0.25843185,0.2922129,0.40587258,0.33128622,0.42522043,0.52538127,0.40861207,0.14875522,0.26103926,0.49890268,0.46227232,0.5181695,0.40618962,0.32932976,0.49051654,0.63801736,0.49667147,0.17143005,0.3238972,0.52808636,0.4686306,0.2192963,0.33991984,0.4234283,0.5758351,0.28759158,0.41275015,0.2661575,0.5622388,0.27347815,0.41530418,0.38839626,0.5276053,0.34772542,0.32561308,0.180722,0.43865702,0.29585135,0.46859145,0.5262361,0.32094312,0.16986871,0.5416963,0.2587065,0.37048134,0.35638022,0.30660313,0.43734896,0.34971622,0.4308842,0.09246088,0.16467096,0.42667294,0.29882836,0.103464305,0.28084433,0.37906703
11,0.2369732,0.3341899,0.36892006,0.1599645,0.22303206,0.38008118,0.20580478,0.34384823,0.16720557,0.2807211,0.1315772,1.0,0.4114949,0.3570794,0.20242223,0.3547575,0.1937446,0.23577574,0.24192181,0.4553008,0.19267175,0.2592399,0.3384352,0.3936311,0.092701994,0.2558453,0.19736883,0.34198236,0.15149128,0.2273112,0.21286598,0.2691242,0.34830812,0.29614246,-0.023630615,0.1925988,0.254789,0.30183086,0.33222473,0.32726097,0.16973865,0.111361235,0.28797722,0.43383777,0.34868395,0.4222529,0.22055387,0.33154017,0.11423296,0.32482046,0.19479315,0.22590429,0.27099353,0.19873208,0.20760813,0.24957049,0.33382154,0.20805576,0.26792616,0.30848792,0.20687288,0.19804476,0.22517413,0.22349268,0.32606587,0.31681246,0.291827,0.36766255,0.24208513,0.13407318,0.15728925,0.20244142,0.6052964,0.2976017,0.33712357,0.2896534,0.22035608,0.21587184,0.22253896,0.3081835,0.38788348,0.22860286,0.059552312,0.43713886,0.21593869,0.29623854,0.33735716,0.3366534,0.32133216,0.2711054,0.23109256,0.39025328,0.23871975,0.25117972,0.18414724,0.24468955,0.32099557,0.38270193,0.3681685,0.1404137
12,0.39677596,0.3901658,0.5326859,0.16094247,0.31247997,0.53342766,0.6623564,0.35828465,0.21599987,0.42062068,0.33996236,0.4114949,1.0000001,0.46396106,0.4631795,0.5055335,0.381082,0.43362224,0.24359792,0.44110048,0.39897013,0.46034014,0.7052379,0.7213135,0.28793484,0.46041697,0.2962953,0.5581029,0.25182655,0.37012357,0.31605953,0.48791373,0.50126094,0.5813753,0.21651977,0.47455198,0.5384884,0.3938899,0.31749478,0.40041092,0.3870722,0.31251636,0.48183566,0.6089145,0.39897442,0.6366781,0.38499555,0.47649264,0.3174372,0.36123735,0.33234638,0.50789475,0.508363,0.30467513,0.31405228,0.40543103,0.5053858,0.3063476,0.43680638,0.5175931,0.485444,0.48302495,0.4700927,0.37080178,0.48854774,0.4360941,0.6511436,0.3944742,0.4144382,0.37155324,0.2055516,0.40415776,0.4325013,0.38329655,0.44229788,0.44485563,0.5779963,0.47610724,0.2323806,0.4308768,0.4510497,0.63516223,0.37355644,0.58265895,0.34108973,0.53093827,0.44066566,0.43780196,0.5320771,0.41430402,0.40359613,0.5030904,0.5976058,0.213856,0.35002565,0.43655467,0.49335054,0.30121544,0.4000569,0.34763893
13,0.4079104,0.5278624,0.2949414,0.48726362,0.59378594,0.5860379,0.19636613,0.4526438,0.39307126,0.32567963,0.580727,0.3570794,0.46396106,1.0000002,0.121506736,0.51095474,0.19134848,0.58884674,0.3177729,0.39867604,0.26657066,0.28113812,0.28389764,0.2814675,0.1329488,0.3853935,0.28933847,0.44376105,0.18639916,0.47206858,0.19129863,0.25068745,0.47562614,0.4905954,0.3126257,0.13070974,0.3888151,0.3168192,0.37480772,0.40595967,0.1357349,0.16768146,0.38910472,0.35040393,0.5030016,0.59260005,0.4678198,0.56668437,0.3160621,0.5110709,0.31404024,0.311664,0.50912,0.4129762,0.59003043,0.29429662,0.4376256,0.508459,0.63186157,0.5280401,0.14270428,0.3305642,0.34391478,0.5076543,0.32134694,0.48021787,0.51196045,0.7428558,0.35256702,0.34879553,0.3256532,0.43399835,0.42257684,0.48820928,0.48592442,0.46839756,0.34784913,0.39602965,0.15415739,0.5271522,0.41215974,0.41784668,0.3213235,0.45555854,0.12414202,0.56752646,0.47957808,0.36746204,0.53231394,0.532998,0.49294007,0.56555945,0.40344194,0.22267464,0.28355706,0.42017788,0.4960223,0.26366588,0.25713435,0.119468644
14,0.32821742,0.1492033,0.37573582,0.0024331864,0.16795182,0.17592335,0.7461193,0.09542607,0.15768963,0.18907914,0.15549289,0.20242223,0.4631795,0.121506736,1.0,0.1599798,0.11627404,0.15734443,0.047850315,0.22062315,0.32535452,0.38360694,0.59043795,0.57572806,0.17451786,0.41540623,0.15267172,0.16997778,0.15525362,0.1434066,0.45082366,0.29251382,0.3851003,0.45226464,0.14622891,0.9886217,0.2217409,0.12019045,0.08971762,0.11055926,0.4641745,0.26188278,0.22277886,0.6004896,0.27182153,0.38705155,0.15569079,0.42597228,0.12821433,0.13674909,0.20871459,0.3349534,0.32635704,0.13359493,0.14312012,0.50120616,0.12955952,0.15573817,0.16480291,0.26306388,0.9802835,0.19912624,0.285193,0.18218297,0.25889078,0.116830915,0.24660338,0.18076806,0.10159515,0.108016305,0.08771457,0.24043256,0.12740016,0.4269734,0.21810621,0.24602526,0.33505785,0.28987032,0.11555846,0.14389,0.16114411,0.17673486,0.16295725,0.24739635,0.16457373,0.20143807,0.18989697,0.28545058,0.3300379,0.22089309,0.20923562,0.29793882,0.3205877,0.087901086,0.20617048,0.21265846,0.2161931,0.075993076,0.16914475,0.25694573
15,0.30177101,0.39673275,0.3578093,0.2489143,0.3629468,0.54344165,0.2412217,0.4458797,0.34467903,0.35523427,0.35030037,0.3547575,0.5055335,0.51095474,0.1599798,0.9999999,0.3871839,0.43868783,0.4672469,0.43704885,0.28802314,0.33526126,0.4186293,0.42323577,0.3400046,0.3473106,0.42930007,0.68218356,0.29742688,0.3465449,0.2001057,0.33272374,0.40075725,0.4839574,0.24091059,0.1503599,0.5666087,0.49122253,0.3291668,0.54152495,0.23557746,0.2974784,0.39252007,0.44962287,0.49955884,0.5683054,0.44285408,0.39841622,0.3872739,0.4145351,0.31547904,0.3102363,0.43168056,0.354822,0.44096124,0.34227884,0.54755205,0.25051397,0.48089907,0.49195683,0.16970265,0.45809504,0.44980502,0.47717345,0.4932176,0.4869886,0.44991064,0.41756117,0.49984735,0.3522176,0.1706441,0.37261924,0.4189738,0.23460975,0.47156823,0.49843818,0.47527206,0.3919958,0.18912727,0.444659,0.58032376,0.57843006,0.37453213,0.47553825,0.29573596,0.57752824,0.3630787,0.3851462,0.59069324,0.4110514,0.46777052,0.52185297,0.5450735,0.14087462,0.31232873,0.37382543,0.42375842,0.27377433,0.3737329,0.2984441
16,0.23248011,0.26777616,0.31813812,0.14199916,0.10081443,0.17739806,0.26477244,0.1879772,0.21155237,0.22370562,0.30551112,0.1937446,0.381082,0.19134848,0.11627404,0.3871839,1.0000001,0.3610926,0.3963961,0.1084182,0.097636186,0.22997358,0.348532,0.29710025,0.15205011,0.22950794,0.43414152,0.29594317,0.2754498,0.3413341,0.02752966,0.34404433,0.17449978,0.38639617,0.01797517,0.14278367,0.3860076,0.4558388,0.35048634,0.4255895,0.070945665,0.44549567,0.14265224,0.24396878,0.20166457,0.27047735,0.16477193,0.12717846,0.28900626,0.14748287,0.101418585,0.26777434,0.4581827,0.21935585,0.124278784,0.25389045,0.6036998,0.16293746,0.23368946,0.26446074,0.13139054,0.454429,0.40111,0.2508091,0.36902887,0.48915243,0.44918275,0.20670187,0.4595933,0.42625415,-0.0029152893,0.4034931,0.18025005,0.02795704,0.49994993,0.27997422,0.23668486,0.27200395,0.04033675,0.17804441,0.20417175,0.49774045,0.43152243,0.34822956,0.17366302,0.33342147,0.14414677,0.32575178,0.429263,0.14265129,0.36277515,0.14236559,0.5024809,0.027273243,0.12802385,0.23675819,0.17556882,0.091030404,0.16083644,0.14048219
17,0.327838,0.49418417,0.29891735,0.30639294,0.4195847,0.6032829,0.20580114,0.4239698,0.36962333,0.34791368,0.57117474,0.23577574,0.43362224,0.58884674,0.15734443,0.43868783,0.3610926,1.0000002,0.23229563,0.45882928,0.20301756,0.22088443,0.36557028,0.3472308,0.20272264,0.4242122,0.3421712,0.4168826,0.2241541,0.47670168,0.15304601,0.31357765,0.4006158,0.44653285,0.39166474,0.15764144,0.47910666,0.29409105,0.35406578,0.3953742,0.10247274,0.25103906,0.29364058,0.31906497,0.45251197,0.45589513,0.36535013,0.5832987,0.35125458,0.46321929,0.26318535,0.32462972,0.38475144,0.5891183,0.4721189,0.39030263,0.36949328,0.60757774,0.6080291,0.49366617,0.15707165,0.34462464,0.36224282,0.6832211,0.3749333,0.44593343,0.5018395,0.65715015,0.38476086,0.50105256,0.24911179,0.45335555,0.4479043,0.42491317,0.4139181,0.5370689,0.28154764,0.31343418,0.36591357,0.6499206,0.3827302,0.42097712,0.41783774,0.43228585,0.24990018,0.58855605,0.35201615,0.44491544,0.42544907,0.41845316,0.5743804,0.49065852,0.39522055,0.17986184,0.26065922,0.40366662,0.4288715,0.3888039,0.38434476,0.18184954
18,0.2930113,0.22254585,0.2369386,0.17313962,0.16280383,0.28893334,0.13533925,0.33981067,0.19327086,0.12512831,0.28508067,0.24192181,0.24359792,0.3177729,0.047850315,0.4672469,0.3963961,0.23229563,0.99999976,0.23862013,0.115327254,0.21174642,0.24468681,0.24294326,0.24833539,0.13572738,0.29418623,0.49484143,0.20569512,0.28977877,0.019572182,0.23626003,0.23140715,0.3775732,0.18762922,0.03574828,0.38835916,0.49468893,0.29558858,0.49286306,0.08181305,0.33052447,0.14450693,0.23671487,0.3042844,0.353799,0.35303053,0.27692384,0.37980187,0.2718813,0.25084376,0.20715988,0.44752064,0.2598455,0.21115637,0.30339244,0.5597688,0.12775433,0.41015327,0.305927,0.057670377,0.27681488,0.34427342,0.30091938,0.38160604,0.43733585,0.28585833,0.2908945,0.27795517,0.3483523,0.0023806083,0.3984748,0.3322631,0.12256542,0.52122396,0.38175988,0.3517713,0.3098486,-0.0030373875,0.21056016,0.36758065,0.4471799,0.32088137,0.38815176,0.19752173,0.42208368,0.3308963,0.19894779,0.48696756,0.1471175,0.24356899,0.24132106,0.38159713,0.13996609,0.2600236,0.291035,0.3121927,0.117544,0.25794232,0.13327815
19,0.2819177,0.38748288,0.35229534,0.1922564,0.25943193,0.51328707,0.20960684,0.38097572,0.4318645,0.4262811,0.2731176,0.4553008,0.44110048,0.39867604,0.22062315,0.43704885,0.1084182,0.45882928,0.23862013,1.0000001,0.28156814,0.24667117,0.40994602,0.4289255,0.2284152,0.30461296,0.21702972,0.38721544,0.24813774,0.36447442,0.28523853,0.21052173,0.46797317,0.46467572,0.17116094,0.20476452,0.32685578,0.24413893,0.252069,0.3106663,0.25193357,0.18291673,0.41009027,0.43702218,0.40944237,0.5171056,0.2954535,0.4956029,0.28453258,0.35249323,0.25753447,0.3054104,0.24225765,0.42222947,0.26697478,0.33313063,0.25979295,0.40539217,0.39976177,0.40371272,0.2353513,0.29664505,0.31289792,0.36543116,0.4202358,0.3076759,0.3423692,0.40576458,0.37899548,0.2712235,0.18707208,0.27948153,0.42909506,0.38726652,0.24962364,0.46961707,0.36764508,0.2839731,0.4036137,0.39446896,0.44324982,0.26658016,0.2103132,0.44192553,0.3072782,0.3947783,0.3706286,0.38853216,0.34481084,0.42337394,0.27533028,0.48403797,0.31870705,0.22454539,0.26051697,0.35411507,0.35379562,0.48546758,0.41018885,0.28358948
20,0.41382703,0.21486226,0.38953125,0.11891112,0.26051098,0.42791024,0.34696198,0.24824002,0.2834406,0.31271935,0.22887754,0.19267175,0.39897013,0.26657066,0.32535452,0.28802314,0.097636186,0.20301756,0.115327254,0.28156814,0.99999994,0.37303215,0.41924942,0.38836196,0.18032965,0.40102074,0.13881852,0.1869576,0.28274328,0.20651788,0.36317518,0.26159465,0.33704603,0.44624403,0.22037065,0.34095395,0.38616747,0.19945592,0.1944215,0.2350179,0.313467,0.22211507,0.40055358,0.4267981,0.3759353,0.3259475,0.5899785,0.3250019,0.20487182,0.25461823,0.6981453,0.3155035,0.2987634,0.40855306,0.20417215,0.45028692,0.12908602,0.2576397,0.3224552,0.38342085,0.3745482,0.3741397,0.2495723,0.46767366,0.3043796,0.16726673,0.3695257,0.30383816,0.2471315,0.27890936,0.15404488,0.310089,0.27302015,0.37576014,0.2561173,0.36014903,0.4019842,0.14290234,0.24846168,0.20890065,0.4206452,0.37643492,0.24537769,0.40608215,0.14240342,0.27557012,0.27733833,0.28678787,0.3237669,0.4428625,0.26783788,0.45633638,0.3189572,0.4116159,0.6951262,0.3700621,0.25763303,0.2868572,0.21178976,0.29651594
21,0.3141485,0.23633778,0.3685441,0.22970644,0.27381027,0.29256755,0.3856219,0.30188712,0.27521867,0.3158486,0.18927337,0.2592399,0.46034014,0.28113812,0.38360694,0.33526126,0.22997358,0.22088443,0.21174642,0.24667117,0.37303215,1.0000002,0.4831767,0.42839196,0.16580129,0.42098254,0.24648465,0.37344986,0.19136086,0.24748284,0.26643348,0.37640518,0.36282933,0.4990834,0.22962207,0.3799785,0.45938003,0.3275941,0.20293365,0.3076224,0.3588256,0.30343342,0.3081301,0.4426975,0.49967504,0.4097364,0.26789263,0.4087628,0.28536087,0.30001384,0.25074318,0.3561917,0.38127822,0.2429435,0.22809717,0.37044865,0.3145628,0.26170212,0.31495675,0.31354526,0.3965289,0.34538892,0.4451869,0.33243525,0.33320218,0.26408643,0.30493927,0.26632625,0.2714191,0.42922395,0.16571093,0.29924375,0.25666144,0.39095476,0.54821646,0.3575737,0.4161452,0.4407699,0.16956177,0.25879496,0.33747485,0.29066464,0.273144,0.35217845,0.07652509,0.3002933,0.3043921,0.26292375,0.33845574,0.35647988,0.3281067,0.43983182,0.36887574,0.17715195,0.2664157,0.29124463,0.26683882,0.2056162,0.31995833,0.24864477
22,0.4403842,0.33749357,0.50960255,0.10839352,0.26717752,0.4560479,0.63668525,0.33395827,0.27052867,0.31369781,0.27315605,0.3384352,0.7052379,0.28389764,0.59043795,0.4186293,0.348532,0.36557028,0.24468681,0.40994602,0.41924942,0.4831767,0.9999996,0.8744518,0.23087966,0.48074085,0.268948,0.44407675,0.2953219,0.27027845,0.46093976,0.5314661,0.41719472,0.6188309,0.15022299,0.59303594,0.56485176,0.33621144,0.2607318,0.29972765,0.44368923,0.32175633,0.3338113,0.6034956,0.3686262,0.505102,0.37467426,0.47587115,0.33020568,0.35883656,0.36667395,0.45199847,0.45149738,0.37360203,0.27004308,0.49445778,0.36804074,0.23753667,0.420178,0.39976507,0.6171651,0.4654625,0.3453254,0.38321736,0.49869832,0.32813707,0.49141014,0.3211668,0.28385508,0.39583766,0.120778166,0.38271016,0.3243944,0.42747337,0.37352186,0.42011502,0.4861601,0.41360915,0.2464642,0.34867978,0.4427088,0.49849862,0.3483814,0.5424018,0.32489756,0.43159857,0.37276524,0.4241932,0.46439058,0.41021627,0.36957723,0.43863934,0.47873533,0.23446673,0.38583115,0.47068083,0.41388845,0.2908838,0.4055024,0.28917152
23,0.41942468,0.35745203,0.5996437,0.08909525,0.19024757,0.41326493,0.61491966,0.32318455,0.21738245,0.3028711,0.22886133,0.3936311,0.7213135,0.2814675,0.57572806,0.42323577,0.29710025,0.3472308,0.24294326,0.4289255,0.38836196,0.42839196,0.8744518,1.0,0.2843386,0.39907724,0.22999063,0.44911534,0.2661744,0.27695063,0.50653124,0.5165928,0.4690114,0.6263809,0.17238678,0.5728375,0.541413,0.39460033,0.2287637,0.31662732,0.43399462,0.2981422,0.29774845,0.6630125,0.3104688,0.510346,0.3719675,0.51627505,0.30307293,0.33586755,0.33707124,0.47444934,0.47755176,0.32437116,0.18710774,0.4460282,0.39364284,0.23368967,0.4331199,0.41911373,0.6013279,0.51350915,0.31697947,0.35058317,0.5879686,0.32495254,0.5134207,0.34271145,0.36065245,0.31547883,0.10573892,0.38222766,0.3883274,0.44492745,0.35438722,0.40980652,0.48528227,0.39535862,0.26704687,0.38780844,0.49458712,0.43620032,0.31519806,0.6176392,0.3648191,0.43171167,0.3684441,0.36303383,0.50228375,0.37015352,0.32727,0.43856695,0.47067785,0.32650542,0.35077572,0.45144278,0.35840914,0.2775014,0.3772133,0.3096001
24,0.17411888,0.124237254,0.38946763,0.037263453,0.20211384,0.22027597,0.17335579,0.16958532,0.18563634,0.20372838,0.39891323,0.092701994,0.28793484,0.1329488,0.17451786,0.3400046,0.15205011,0.20272264,0.24833539,0.2284152,0.18032965,0.16580129,0.23087966,0.2843386,1.0,0.14595963,0.17166942,0.2646329,0.10813637,0.22823931,0.073464386,0.3211856,0.20682448,0.3859071,0.34494632,0.16257831,0.2853856,0.319978,0.1212938,0.21978395,0.20636916,0.3902272,0.08590878,0.3101293,0.23543319,0.23997796,0.22537842,0.202068,0.3470775,0.23685017,0.14227219,0.19786131,0.30369797,0.23001596,0.1753617,0.35277778,0.28640163,0.23767748,0.36613518,0.3394724,0.17529064,0.26534432,0.40156156,0.29137564,0.2528113,0.13515145,0.2961147,0.14085351,0.3030809,0.22888806,0.01356411,0.33660632,0.16107953,0.17312759,0.16349861,0.3686304,0.30430147,0.29675,0.20589033,0.2279417,0.33699864,0.46157557,0.30352134,0.26125202,0.25536734,0.2853654,0.13417742,0.23191409,0.2813977,0.20792706,0.24747875,0.18761751,0.32300377,0.096026614,0.16048281,0.31522942,0.15560053,0.122757226,0.21673213,0.6902626
25,0.52004725,0.2636675,0.34353447,0.16978227,0.4463523,0.41710985,0.4414122,0.16171937,0.5027289,0.32444417,0.33155477,0.2558453,0.46041697,0.3853935,0.41540623,0.3473106,0.22950794,0.4242122,0.13572738,0.30461296,0.40102074,0.42098254,0.48074085,0.39907724,0.14595963,1.0000001,0.30171585,0.2535998,0.2870456,0.31975663,0.34442893,0.26547462,0.29499617,0.5069955,0.30715588,0.4173404,0.37877214,0.33280206,0.42941472,0.26785326,0.33752054,0.31803584,0.31768867,0.38673395,0.63884187,0.43060964,0.3998928,0.3936569,0.33217096,0.20991212,0.31017336,0.36748797,0.38981414,0.35465634,0.35985053,0.38106814,0.2632209,0.23445836,0.3446532,0.4020825,0.44174254,0.44056377,0.4263789,0.478226,0.29986042,0.21904938,0.4024538,0.4103222,0.28485298,0.35860252,0.13414139,0.33015034,0.231197,0.37196907,0.43702015,0.45117837,0.45744646,0.2968747,0.25969532,0.3782102,0.28841332,0.34724122,0.33147758,0.4001997,0.12732744,0.34182715,0.26746804,0.4353682,0.34765995,0.30341017,0.619698,0.42862558,0.5225484,0.11305671,0.30432838,0.36428905,0.34642333,0.36333787,0.22647028,0.24881804
26,0.3415903,0.21855038,0.10587181,0.28649765,0.23457243,0.34438688,0.19429107,0.17134388,0.20821351,0.19656335,0.25207716,0.19736883,0.2962953,0.28933847,0.15267172,0.42930007,0.43414152,0.3421712,0.29418623,0.21702972,0.13881852,0.24648465,0.268948,0.22999063,0.17166942,0.30171585,1.0000002,0.32390654,-0.023275282,0.49788323,0.108968556,0.28734004,0.1388024,0.35129178,0.06494716,0.14272928,0.23274302,0.49731287,0.4761095,0.48017043,0.15319055,0.25500268,0.13076682,0.26176456,0.40149352,0.30129254,0.29554835,0.19930828,0.2492793,0.18593559,0.19096492,0.3119293,0.3903105,0.17620587,0.2970509,0.16277722,0.4955377,0.18846352,0.30725825,0.28588897,0.15149799,0.28981376,0.33051342,0.33801478,0.4846497,0.54768217,0.26572448,0.23775941,0.36405528,0.33517954,0.06833559,0.3864258,0.32799244,0.32295683,0.45989,0.24613068,0.21973827,0.20016447,0.1616111,0.38131803,0.22951533,0.4469114,0.3268356,0.32028475,0.116169415,0.31368363,0.23331282,0.28255558,0.49601686,0.12043436,0.42892691,0.26463783,0.4957689,0.14124857,0.18251605,0.078777276,0.15493058,0.19010466,0.24455217,0.07057836
27,0.20739746,0.34133816,0.24968013,0.10981032,0.30474395,0.5140119,0.24575138,0.5381526,0.1493966,0.28028858,0.29535997,0.34198236,0.5581029,0.44376105,0.16997778,0.68218356,0.29594317,0.4168826,0.49484143,0.38721544,0.1869576,0.37344986,0.44407675,0.44911534,0.2646329,0.2535998,0.32390654,1.0000002,0.18837363,0.2678098,0.1208244,0.30630895,0.31229624,0.4513067,0.21517056,0.1667228,0.57811826,0.431265,0.18255593,0.37704918,0.19293642,0.13326858,0.38307828,0.4755727,0.38834587,0.57496595,0.3603201,0.31741646,0.24381353,0.43844903,0.2655766,0.3767894,0.29996818,0.31942523,0.3292937,0.3467404,0.5242426,0.22564355,0.48096198,0.45290565,0.17566833,0.36183476,0.40644643,0.3764619,0.36895558,0.4145787,0.3723901,0.2782903,0.4136107,0.31596422,0.15345347,0.3951518,0.51995486,0.21444407,0.42960694,0.38330522,0.42969316,0.36095375,0.115229934,0.38722122,0.57863235,0.48505867,0.3422643,0.38248497,0.4411476,0.5870606,0.45263058,0.19554433,0.4075588,0.3002465,0.41199377,0.37347278,0.49782443,0.1620806,0.27812448,0.30987364,0.45780486,0.18134342,0.4236319,0.19565827
28,0.16773674,0.22152716,0.33847773,0.06782654,0.1415821,0.1700786,0.27902386,0.17634523,0.31931484,0.14097758,0.291335,0.15149128,0.25182655,0.18639916,0.15525362,0.29742688,0.2754498,0.2241541,0.20569512,0.24813774,0.28274328,0.19136086,0.2953219,0.2661744,0.10813637,0.2870456,-0.023275282,0.18837363,1.0,0.03913987,0.095981054,0.2837413,0.31564164,0.37759417,0.19667837,0.17494349,0.32312012,0.103178665,0.1296356,0.16746777,0.25536284,0.26457703,0.22116569,0.33255398,0.19551781,0.30674624,0.1566911,0.23888332,0.35148802,0.1643476,0.19748893,0.13759615,0.24167249,0.3887627,0.1639786,0.28362328,0.16587125,0.176586,0.22110279,0.27683794,0.19777727,0.3954773,0.26605535,0.24513248,0.19046998,0.06218921,0.32943505,0.27157587,0.1349054,0.27999458,-0.10335321,0.23764063,0.06897683,0.1486687,0.15682779,0.43100998,0.46444196,0.26913068,0.11172095,0.15353948,0.34216678,0.22609174,0.2800194,0.26027918,0.1469684,0.3155167,0.109107986,0.32340556,0.18773769,0.14483577,0.17412831,0.23593202,0.306949,0.050047316,0.2071563,0.36845225,0.23930529,0.26519996,0.13941085,0.25022542
29,0.43829545,0.2997681,0.26763946,0.5033923,0.36705273,0.4511094,0.22003144,0.22592574,0.33978188,0.45912957,0.42371285,0.2273112,0.37012357,0.47206858,0.1434066,0.3465449,0.3413341,0.47670168,0.28977877,0.36447442,0.20651788,0.24748284,0.27027845,0.27695063,0.22823931,0.31975663,0.49788323,0.2678098,0.03913987,1.0000002,0.2133228,0.3565066,0.27031177,0.4253235,0.2657037,0.13926119,0.35385776,0.42272112,0.63252544,0.54211724,0.12202097,0.27730417,0.23494537,0.24523462,0.43177655,0.42723054,0.40918195,0.46912876,0.325462,0.29373318,0.25830925,0.38410765,0.46110773,0.26633155,0.35274717,0.3133394,0.54743946,0.51764345,0.4741341,0.3233288,0.14859049,0.27473444,0.33897102,0.4395063,0.32017404,0.6973412,0.4549377,0.47749192,0.43302757,0.40904474,0.10360435,0.48509884,0.34560126,0.43103766,0.5216968,0.30462235,0.3094115,0.2949991,0.21121345,0.45236754,0.20549464,0.5036173,0.3527013,0.42868137,0.114785925,0.42838353,0.3618187,0.4150929,0.48456535,0.2702677,0.55482936,0.4518879,0.39762667,0.15674156,0.2563288,0.3482799,0.2996645,0.22374387,0.27165854,0.13550219
30,0.24936968,0.21043977,0.39477545,0.145726,0.22090307,0.32523814,0.4001499,0.14059447,0.22941706,0.19880813,0.10068855,0.21286598,0.31605953,0.19129863,0.45082366,0.2001057,0.02752966,0.15304601,0.019572182,0.28523853,0.36317518,0.26643348,0.46093976,0.50653124,0.073464386,0.34442893,0.108968556,0.1208244,0.095981054,0.2133228,1.0000002,0.23464489,0.28584167,0.38546336,0.16868675,0.4470678,0.21855459,0.09907395,0.19961627,0.17799827,0.24453562,0.15006685,0.16876332,0.41541177,0.29303533,0.3020383,0.31803378,0.3766955,0.12266963,0.14959715,0.33145112,0.17753832,0.22669727,0.29246333,0.21942496,0.22795038,0.1430608,0.17607963,0.18772545,0.22249156,0.48201108,0.35161614,0.122159794,0.24239853,0.32447678,0.09119415,0.24546772,0.23974892,0.13763455,0.14018454,0.15960506,0.19651335,0.16410096,0.41273567,0.23104574,0.18026218,0.36122763,0.098272525,0.04620043,0.20626953,0.3113092,0.1529437,0.04700552,0.4179866,0.040120386,0.15485276,0.26790687,0.10388599,0.33750686,0.20514214,0.26189867,0.3741905,0.26616812,0.3440771,0.30950534,0.2605745,0.2625445,0.2656709,0.15967587,0.2151621
31,0.29730952,0.2234866,0.44442225,0.33111125,0.26726425,0.33225465,0.4040193,0.2601167,0.27543432,0.32682094,0.30196756,0.2691242,0.48791373,0.25068745,0.29251382,0.33272374,0.34404433,0.31357765,0.23626003,0.21052173,0.26159465,0.37640518,0.5314661,0.5165928,0.3211856,0.26547462,0.28734004,0.30630895,0.2837413,0.3565066,0.23464489,1.0000002,0.34388834,0.4797231,0.14938834,0.31374246,0.5303292,0.37037486,0.30658013,0.36896002,0.30863136,0.4051572,0.32747364,0.37601453,0.2917072,0.35653442,0.22190131,0.36868072,0.22349784,0.31152514,0.18659541,0.2247349,0.41461927,0.21530542,0.24426004,0.45610076,0.40995738,0.32564175,0.3837755,0.3109119,0.31317425,0.42047727,0.36742094,0.31906402,0.32922733,0.31062406,0.52478266,0.26463485,0.35486662,0.36757725,-0.024196895,0.44808453,0.31678027,0.3690387,0.40511835,0.36524108,0.34632117,0.3573636,0.1294877,0.29140288,0.31170648,0.4099728,0.30989385,0.36203617,0.1850758,0.39478427,0.25202227,0.41714126,0.35609698,0.21988773,0.31074327,0.38841897,0.39671025,0.15645461,0.19247106,0.26037252,0.32890058,0.18169475,0.23270649,0.28684536
32,0.38098162,0.47278857,0.4280461,0.24792735,0.33396173,0.3516909,0.4162695,0.34345442,0.29233944,0.3004001,0.27310216,0.34830812,0.50126094,0.47562614,0.3851003,0.40075725,0.17449978,0.4006158,0.23140715,0.46797317,0.33704603,0.36282933,0.41719472,0.4690114,0.20682448,0.29499617,0.1388024,0.31229624,0.31564164,0.27031177,0.28584167,0.34388834,0.9999999,0.48538238,0.287644,0.39019507,0.33313537,0.23012206,0.15498403,0.32981098,0.29986548,0.22321466,0.4057733,0.4519039,0.3136444,0.6028301,0.3132215,0.50198543,0.31476414,0.31768948,0.2933388,0.34489495,0.40152615,0.29963723,0.3202665,0.31332165,0.28951925,0.33059385,0.39521843,0.4248867,0.39605072,0.36435634,0.31393042,0.41476798,0.3116272,0.36398667,0.45441806,0.48766333,0.27939594,0.24966323,0.1850656,0.4032027,0.32036424,0.32432935,0.27126032,0.42168134,0.4198916,0.24601318,0.31332386,0.33707723,0.33508596,0.29232508,0.26302898,0.4454499,0.19625607,0.44728482,0.34798828,0.32639128,0.44339126,0.4658417,0.22061285,0.5288434,0.2960012,0.23080996,0.2889669,0.37661725,0.43730488,0.22122496,0.26320106,0.21629134
33,0.5585027,0.44268528,0.52979743,0.25385565,0.44731537,0.51324147,0.50935423,0.3995646,0.44289863,0.30209747,0.5282004,0.29614246,0.5813753,0.4905954,0.45226464,0.4839574,0.38639617,0.44653285,0.3775732,0.46467572,0.44624403,0.4990834,0.6188309,0.6263809,0.3859071,0.5069955,0.35129178,0.4513067,0.37759417,0.4253235,0.38546336,0.4797231,0.48538238,1.0000001,0.29100075,0.45352829,0.5618844,0.4146139,0.3097487,0.35859662,0.45590732,0.49578103,0.33366764,0.6224264,0.45542032,0.6766782,0.5160994,0.5352497,0.4609447,0.3990819,0.41646743,0.54610014,0.63547313,0.4927976,0.34041756,0.52801657,0.43470117,0.44591177,0.63895524,0.6409101,0.49694127,0.5827328,0.49526432,0.53689384,0.5685964,0.43492824,0.5561799,0.50381243,0.3801945,0.49341363,0.1874808,0.5718284,0.42793423,0.5441961,0.5216183,0.6594428,0.5397615,0.48455104,0.26552376,0.4242178,0.526481,0.5523315,0.45411092,0.640295,0.32015467,0.5602796,0.4765929,0.5046739,0.5559296,0.36069575,0.4542598,0.55782413,0.59325945,0.2906382,0.43100286,0.44738227,0.40225998,0.27463275,0.41158608,0.3838398
34,0.12865755,0.121829346,0.27045652,0.16237494,0.35173556,0.28356087,0.1931782,0.31574994,0.32136834,0.22668715,0.4554879,-0.023630615,0.21651977,0.3126257,0.14622891,0.24091059,0.01797517,0.39166474,0.18762922,0.17116094,0.22037065,0.22962207,0.15022299,0.17238678,0.34494632,0.30715588,0.06494716,0.21517056,0.19667837,0.2657037,0.16868675,0.14938834,0.287644,0.29100075,1.0000002,0.1457127,0.27826816,0.11509086,0.09798113,0.21217847,0.20837963,0.34196472,0.17032173,0.22444864,0.34134525,0.232407,0.18520091,0.39963937,0.5742433,0.22169903,0.14028999,0.22316794,0.25729468,0.36843854,0.45942062,0.27347133,0.18300149,0.31381288,0.44620085,0.36308205,0.14651953,0.2849903,0.35092336,0.45411247,0.0409912,0.13984247,0.21438278,0.37386417,0.29606915,0.313923,0.11030873,0.27273402,0.019923192,0.3347646,0.21474268,0.42279863,0.37524652,0.14883733,0.2799436,0.23911186,0.27452302,0.20359306,0.52609235,0.1932126,0.12782058,0.34884027,0.10828057,0.17847857,0.24167606,0.33144605,0.29830685,0.31372744,0.22203621,0.089485504,0.1377489,0.39235944,0.24660876,0.092533976,0.21356198,0.41793978
35,0.33255994,0.13901451,0.38135457,-0.0035035256,0.1714727,0.16598976,0.74739146,0.09053165,0.16151762,0.173012,0.16770798,0.1925988,0.47455198,0.13070974,0.9886217,0.1503599,0.14278367,0.15764144,0.03574828,0.20476452,0.34095395,0.3799785,0.59303594,0.5728375,0.16257831,0.4173404,0.14272928,0.1667228,0.17494349,0.13926119,0.4470678,0.31374246,0.39019507,0.45352829,0.1457127,1.0000002,0.226118,0.097071774,0.09790653,0.111441635,0.46057403,0.29432195,0.22926186,0.60570014,0.26020524,0.38559648,0.14865437,0.4161335,0.1396974,0.13506448,0.21158093,0.3160038,0.34191197,0.14003123,0.145165,0.5130569,0.13488686,0.14508213,0.16135311,0.25276476,0.98493546,0.20800471,0.29260486,0.17401084,0.24440448,0.11335021,0.26474577,0.1817497,0.102826685,0.124940425,0.08790468,0.24645542,0.11164798,0.42842576,0.22433189,0.2541149,0.34077427,0.28863934,0.090660006,0.12299832,0.15469432,0.1892001,0.1790086,0.24400076,0.16311564,0.2034864,0.18726507,0.2975834,0.32652456,0.22631148,0.19758898,0.28992426,0.33309957,0.079039656,0.20978788,0.2071349,0.22846979,0.07887615,0.14751999,0.2672607
36,0.35279477,0.4151485,0.4474805,0.25967705,0.2985134,0.51857543,0.3103835,0.41368437,0.22686732,0.2860102,0.3747977,0.254789,0.5384884,0.3888151,0.2217409,0.5666087,0.3860076,0.47910666,0.38835916,0.32685578,0.38616747,0.45938003,0.56485176,0.541413,0.2853856,0.37877214,0.23274302,0.57811826,0.32312012,0.35385776,0.21855459,0.5303292,0.33313537,0.5618844,0.27826816,0.226118,1.0000001,0.42232135,0.25546926,0.4057708,0.27861297,0.34279746,0.46614254,0.45337278,0.40412313,0.50119,0.4119832,0.4398811,0.3769698,0.45701158,0.37471893,0.43381256,0.42273432,0.41670913,0.31887722,0.45390725,0.44139296,0.37411213,0.53821546,0.5579538,0.2377421,0.5835948,0.48134902,0.48231983,0.3754462,0.3831109,0.53045446,0.36985973,0.4790213,0.420915,0.048162073,0.38963616,0.3817937,0.30674344,0.46917892,0.5101148,0.4570173,0.39244866,0.19614154,0.43949145,0.56575274,0.4473792,0.44862264,0.5072187,0.3007745,0.5380955,0.34598047,0.4627005,0.4582773,0.3803196,0.4308648,0.5354593,0.505852,0.11745185,0.38417944,0.52819914,0.48993632,0.24466188,0.33937195,0.31836438
