,0,1,2,3,4,5,6,7,8,9,10,11,12,13,14,15,16,17,18,19,20,21,22,23,24,25,26,27,28,29,30,31,32,33,34,35,36,37,38,39,40,41,42,43,44,45,46,47,48,49,50,51,52,53,54,55,56,57,58,59,60,61,62,63,64,65,66,67,68,69,70,71,72,73,74,75,76,77,78,79,80,81,82,83,84,85,86,87,88,89,90,91,92,93,94,95,96,97,98,99
0,0.99999994,0.2543044,0.32752514,0.24063748,0.39189583,0.40221047,0.3436292,0.26901093,0.3946874,0.29455817,0.410751,0.21351333,0.43329608,0.38632768,0.35229817,0.31445307,0.38096198,0.3319465,0.29536906,0.37988478,0.40809754,0.3972261,0.45521694,0.4507684,0.16503829,0.53957784,0.39052182,0.30481264,0.19152567,0.40359372,0.32669014,0.3208189,0.42123944,0.53556514,0.28058428,0.32341635,0.36484498,0.41116124,0.34106115,0.44499096,0.401597,0.45713153,0.2172117,0.3874344,0.3592533,0.46902847,0.47914553,0.4641906,0.36987275,0.3801872,0.32606578,0.35627308,0.5601953,0.37125266,0.365194,0.27019155,0.48494202,0.39375752,0.44292814,0.4207369,0.32517874,0.31416512,0.4917158,0.326064,0.46924642,0.46262676,0.5170088,0.41229206,0.36232495,0.36519656,0.30913,0.41774595,0.3635733,0.38735187,0.52076685,0.41958946,0.30014336,0.34665155,0.09419457,0.4402238,0.39523286,0.45951468,0.46942756,0.47209555,0.43960077,0.4863358,0.31091437,0.4238053,0.48592913,0.44086307,0.39023042,0.42453927,0.40382677,0.2757715,0.32876903,0.3775288,0.27145505,0.39946604,0.24279886,0.12291228
1,0.2543044,1.0000001,0.2007274,0.41061765,0.5112522,0.68954384,0.37926322,0.6345496,0.37887996,0.595497,0.49671486,0.31179345,0.4135154,0.65106106,0.27436322,0.4284977,0.43638444,0.3221962,0.28422737,0.576409,0.48597726,0.50214607,0.39425597,0.43131274,0.14740944,0.49408564,0.54577184,0.68353283,0.13400137,0.5943173,0.5011013,0.12925956,0.6244661,0.49341595,0.50424814,0.29389757,0.43224603,0.60201335,0.37504524,0.6931452,0.2010006,0.15027206,0.55905354,0.5777384,0.405102,0.5528451,0.5467016,0.5827328,0.17434695,0.3304449,0.63979375,0.51758313,0.52165097,0.43487048,0.4990517,0.29120958,0.51297694,0.67593706,0.5609292,0.6621473,0.2687866,0.57432806,0.45350543,0.41442943,0.51441836,0.6152711,0.5409148,0.5655066,0.57052964,0.39485842,0.42917114,0.49406084,0.6664809,0.63390243,0.41386706,0.531799,0.43743628,0.4169603,0.1446177,0.7185831,0.52727735,0.36485368,0.4417246,0.60340476,0.5187613,0.6117089,0.3637489,0.4443555,0.5712249,0.51071185,0.47581434,0.7046504,0.45447522,0.095596164,0.635038,0.53010345,0.49571997,0.45604688,0.38941956,0.13499331
2,0.32752514,0.2007274,0.9999998,0.18468383,0.2850251,0.35468152,0.3957514,0.27710372,0.2792454,0.2743435,0.22148827,0.332536,0.5124788,0.22289011,0.38686442,0.3578093,0.25741565,0.2989173,0.2369386,0.33200374,0.37043965,0.38831845,0.5159788,0.5430038,0.38946763,0.34555665,0.19022754,0.21453631,0.33847773,0.27858716,0.2754901,0.44442225,0.31706527,0.48384473,0.1734284,0.35144436,0.5195827,0.38679785,0.15966943,0.34361073,0.29003984,0.32131296,0.23145278,0.35519958,0.2965733,0.383541,0.33680752,0.34394974,0.36317155,0.3391921,0.16945869,0.29452592,0.35768595,0.22326079,0.15855816,0.29606327,0.42245013,0.3753447,0.3121208,0.341411,0.3666525,0.31888115,0.4128356,0.34849387,0.41859493,0.3807451,0.5217962,0.3145562,0.31005594,0.3675576,0.091413066,0.18489495,0.32224816,0.36778903,0.36055315,0.40219092,0.42799863,0.31180498,0.20341139,0.3403859,0.41136757,0.4641077,0.29628006,0.417736,0.3437562,0.26121634,0.25225386,0.26853144,0.39295018,0.4025211,0.3353142,0.27924997,0.35920984,0.2504356,0.17627303,0.3622787,0.35354984,0.4179557,0.2589207,0.4037297
3,0.24063748,0.41061765,0.18468383,0.99999976,0.38167387,0.43564233,0.19239308,0.44959462,0.36564326,0.45115453,0.4281728,0.31497663,0.18007866,0.4643316,0.10381971,0.31552622,0.2707113,0.14542717,0.1606561,0.31084105,0.40217638,0.38161826,0.21826157,0.23153739,0.1133938,0.29604793,0.3730673,0.2902656,0.048464626,0.5040531,0.37443244,0.24172598,0.41992143,0.29860038,0.44591025,0.11567442,0.27583867,0.37743604,0.35284454,0.4067312,0.0550747,0.14891484,0.3100767,0.18546873,0.21147673,0.33212045,0.40812486,0.550575,0.2612493,0.46402293,0.46378216,0.3019865,0.44198605,0.30727336,0.45758605,0.056559376,0.31964517,0.44612423,0.3891128,0.49851125,0.109434046,0.44715524,0.3208272,0.20080191,0.3131567,0.44503832,0.41874102,0.42717975,0.3343438,0.2169461,0.41683024,0.32825434,0.38315856,0.4550951,0.32090545,0.3139437,0.27862298,0.37547332,0.08463933,0.457825,0.4354177,0.19984904,0.29727474,0.36183506,0.19990921,0.50911963,0.09933612,0.3661675,0.36931288,0.43978667,0.26227975,0.44059467,0.19728649,-0.0042544594,0.46142042,0.42734426,0.22927724,0.28762066,0.3264289,0.06862122
4,0.39189583,0.5112522,0.2850251,0.38167387,1.0000001,0.70005286,0.3791101,0.5111836,0.5285826,0.5230925,0.74996585,0.25644174,0.43967408,0.76357055,0.3151852,0.46068114,0.34071964,0.4934353,0.24981627,0.69372916,0.448834,0.48268992,0.37950957,0.37168133,0.2608028,0.5989703,0.5377795,0.54676485,0.19265048,0.55067194,0.43810463,0.28658885,0.566657,0.555107,0.6682045,0.29667273,0.38275605,0.5377872,0.4123596,0.5419531,0.25696588,0.28577292,0.3766073,0.47693133,0.55924976,0.60600394,0.5133043,0.575804,0.32702595,0.427903,0.5042558,0.49808973,0.570003,0.750278,0.8161706,0.26338845,0.49352807,0.6762247,0.7476506,0.69785607,0.28864592,0.5294876,0.5239319,0.5766314,0.4884804,0.534824,0.51450795,0.7809752,0.43501985,0.6396809,0.4595427,0.69736344,0.5700211,0.62098193,0.5836295,0.6319586,0.5422984,0.3127657,0.14922446,0.6283548,0.4668377,0.4275219,0.6363343,0.557091,0.47046217,0.7224727,0.43029916,0.36034667,0.5335717,0.61368763,0.6012318,0.7669523,0.43204987,0.18381222,0.49865413,0.5916836,0.58153546,0.5091206,0.34784567,0.25967866
5,0.40221047,0.68954384,0.35468152,0.43564233,0.70005286,0.9999999,0.41673207,0.69070137,0.51860094,0.6982384,0.6174075,0.4430163,0.56063664,0.751549,0.31546456,0.66544545,0.4433387,0.48898995,0.39297628,0.775242,0.5512151,0.56703496,0.47297662,0.50222945,0.30041802,0.6234118,0.58524996,0.74935913,0.20754848,0.62132466,0.51952004,0.29563758,0.58825576,0.62507105,0.5299888,0.29468822,0.5411474,0.675478,0.5038788,0.75677145,0.29367566,0.31306234,0.6100926,0.5353073,0.57375294,0.71117127,0.6740314,0.6480591,0.32766116,0.5375078,0.59646344,0.52922964,0.60004795,0.6081188,0.636179,0.2727872,0.6081773,0.7118064,0.7296577,0.7829379,0.27837646,0.621349,0.5996006,0.5872929,0.6418462,0.70674914,0.70198536,0.6820134,0.6311394,0.5748557,0.48917568,0.5338594,0.8409717,0.6865948,0.5695021,0.6797005,0.5921873,0.4970002,0.1953553,0.74493444,0.6353681,0.51938,0.59188116,0.7087838,0.6097454,0.7338052,0.51799065,0.5382062,0.67839956,0.6656806,0.6503083,0.76474476,0.52605593,0.27351454,0.5909409,0.64521015,0.71272004,0.6579423,0.5525496,0.26379997
6,0.3436292,0.37926322,0.3957514,0.19239308,0.3791101,0.41673207,1.0,0.18467729,0.2649541,0.47815928,0.5803248,0.17761426,0.86434174,0.29891962,0.83747005,0.19413069,0.46956775,0.16357854,0.086717375,0.4362495,0.65137815,0.5781656,0.79590505,0.74731475,0.17881021,0.57928944,0.51194954,0.4242558,0.20698011,0.7655202,0.6835308,0.3106121,0.7216743,0.67029274,0.39433783,0.83897996,0.39298144,0.6437513,0.22400317,0.40265763,0.4851693,0.40115076,0.2270693,0.80707777,0.28030404,0.78078306,0.62084746,0.47118917,0.1886676,0.21328379,0.5591477,0.7313572,0.69162977,0.21925879,0.29173812,0.76948893,0.7560894,0.5937121,0.29920226,0.4949126,0.8101866,0.600265,0.5434849,0.2164559,0.5723783,0.75686264,0.63515675,0.36087996,0.2956081,0.27365795,0.21645176,0.49572575,0.44004947,0.57031703,0.25712615,0.36243206,0.6027852,0.42772788,0.07206057,0.56018543,0.44181234,0.8012543,0.46707794,0.58843017,0.75302696,0.4680115,0.15447658,0.31910923,0.7337371,0.2559335,0.4756347,0.5161545,0.8276826,0.084979914,0.5995638,0.43252394,0.39018685,0.3275231,0.29812905,0.2960977
7,0.26901093,0.6345496,0.27710372,0.44959462,0.5111836,0.69070137,0.18467729,0.99999994,0.27188772,0.42200488,0.3864619,0.40408164,0.29522282,0.5536877,0.14729086,0.48190472,0.2902634,0.3388501,0.36528942,0.52468395,0.36360002,0.35734332,0.26587844,0.30072647,0.26929003,0.35735828,0.3190918,0.48979512,0.14304301,0.35870537,0.31646132,0.24350321,0.4606673,0.4074831,0.44141603,0.14092624,0.41806853,0.44852537,0.2663885,0.54990125,0.14841953,0.19297251,0.4964214,0.3179856,0.35545278,0.45505935,0.41785854,0.5281072,0.22377291,0.4755475,0.3903644,0.30083823,0.40914208,0.46996295,0.49792174,0.11910835,0.34283715,0.56816345,0.61401105,0.62623656,0.13623023,0.46097583,0.43026188,0.38575077,0.44409025,0.4396687,0.49026656,0.55780053,0.39065725,0.44394383,0.46867907,0.3695761,0.62229323,0.51186204,0.40881553,0.5312524,0.35911053,0.3005279,0.20855726,0.5279252,0.49529153,0.26603994,0.37305993,0.4699248,0.34561753,0.546955,0.35802245,0.46882933,0.4121374,0.5556788,0.33880246,0.625999,0.23530142,0.20035145,0.38757646,0.4857592,0.52468103,0.47978264,0.45117003,0.20751148
8,0.3946874,0.37887996,0.2792454,0.36564326,0.5285826,0.51860094,0.2649541,0.27188772,1.0000001,0.598878,0.47255528,0.25498873,0.31322208,0.5463479,0.23651195,0.40756512,0.38592905,0.42313576,0.19617525,0.5728427,0.36999056,0.37142655,0.32971257,0.30884048,0.20223258,0.64483833,0.5324699,0.406468,0.21024114,0.47712672,0.35068312,0.3074727,0.41874665,0.4535437,0.46166718,0.19671988,0.34669515,0.45834336,0.71114266,0.49511838,0.16844165,0.32617578,0.30399036,0.30997822,0.687362,0.41770902,0.40466705,0.4694301,0.3047561,0.27422598,0.37930804,0.31205416,0.46253803,0.55183834,0.5034342,0.16427493,0.4409004,0.4830282,0.4122041,0.46680826,0.1889087,0.47424725,0.38664764,0.6579617,0.41725594,0.4810929,0.4566698,0.5120591,0.47962445,0.49410957,0.22418717,0.3845871,0.4392471,0.5049755,0.48955494,0.5377012,0.42887914,0.28357458,0.13420245,0.4941327,0.37721455,0.36623675,0.50739384,0.432235,0.45074123,0.44862586,0.20687485,0.39862096,0.47591382,0.44164884,0.70028985,0.5222632,0.35141537,0.098176144,0.37194002,0.46113095,0.3801328,0.5512189,0.33746457,0.1997279
9,0.29455817,0.595497,0.2743435,0.45115453,0.5230925,0.6982384,0.47815928,0.42200488,0.598878,0.9999999,0.54253626,0.31665462,0.5658252,0.6135454,0.39316142,0.44997466,0.45612252,0.32134926,0.20400101,0.6613724,0.52626646,0.49707407,0.49786747,0.5017003,0.20481423,0.55452085,0.50903994,0.6241672,0.17153305,0.6769564,0.51058805,0.23514622,0.60256815,0.5585932,0.5343885,0.37897867,0.41321868,0.58718693,0.56548905,0.6222593,0.31837845,0.23171124,0.5421983,0.5347898,0.46312708,0.6135702,0.55943096,0.60336804,0.24884778,0.36908546,0.6169937,0.5950472,0.5558602,0.4554723,0.49855435,0.34864476,0.57071054,0.6593467,0.4873981,0.60447407,0.3574196,0.5836993,0.49158964,0.4365933,0.5051918,0.7315755,0.5807414,0.59930253,0.57446367,0.38459098,0.28493297,0.46143836,0.60353327,0.64898807,0.36766666,0.5401197,0.5550014,0.43122172,0.1749852,0.6199348,0.5147468,0.5093199,0.5548473,0.57575744,0.5779294,0.6261574,0.40573424,0.45054036,0.6246513,0.46484426,0.5977036,0.61493987,0.55591536,0.15887204,0.62333125,0.5126708,0.522321,0.47206914,0.4074425,0.20563063
10,0.410751,0.49671486,0.22148827,0.4281728,0.74996585,0.6174075,0.5803248,0.3864619,0.47255528,0.54253626,1.0000001,0.21722448,0.5330032,0.6687584,0.47256863,0.308026,0.48318052,0.33496606,0.18977602,0.6474091,0.5563822,0.5719304,0.4837007,0.4702841,0.2330836,0.58380085,0.6401945,0.59078586,0.15700237,0.7150636,0.64840543,0.19682656,0.70083946,0.58499086,0.7033641,0.4676752,0.28140506,0.6455236,0.4207365,0.567726,0.33492386,0.420677,0.22400293,0.60814905,0.39486778,0.662777,0.6667845,0.6791821,0.3327242,0.41099608,0.7079046,0.647606,0.7644578,0.6334059,0.7090576,0.43114677,0.63367724,0.6806104,0.67866915,0.6790078,0.44552314,0.61396265,0.63595545,0.35168868,0.5886133,0.66769266,0.5498262,0.7222327,0.42860663,0.50736874,0.50307816,0.8032388,0.59923136,0.67003214,0.48556128,0.6487765,0.50163037,0.44674376,0.012787061,0.6732898,0.52911735,0.5307795,0.6060155,0.60784125,0.58615583,0.79431593,0.27497986,0.34663558,0.68116397,0.5186287,0.5160368,0.6964319,0.60735226,0.12748587,0.712209,0.65177274,0.39352107,0.39092237,0.34900278,0.19953923
11,0.21351333,0.31179345,0.332536,0.31497663,0.25644174,0.4430163,0.17761426,0.40408164,0.25498873,0.31665462,0.21722448,1.0,0.30186298,0.36872625,0.17260437,0.3918624,0.27170497,0.20187476,0.3794054,0.3693724,0.28181523,0.38164172,0.32196,0.37415907,0.18073195,0.28238416,0.3016669,0.31499788,0.08415417,0.29615593,0.22652873,0.37490028,0.24301955,0.39023226,0.193242,0.14301091,0.390215,0.38188174,0.35145015,0.4226856,0.1268391,0.19127698,0.27222228,0.24995923,0.35243642,0.37868962,0.2885331,0.3487807,0.15659702,0.4488368,0.2111983,0.20346686,0.2951573,0.23171002,0.23452006,0.1089745,0.3687446,0.30215898,0.3455565,0.34851176,0.1550656,0.37592432,0.28570247,0.2571731,0.40063626,0.35223204,0.3435908,0.28047737,0.41593847,0.23654997,0.21711713,0.21890223,0.5523534,0.3138159,0.3526041,0.33830214,0.29308984,0.31965512,0.1638261,0.37113422,0.3843987,0.28501728,0.25942215,0.4200309,0.35446465,0.3554919,0.28554314,0.34338906,0.4037947,0.24240823,0.3404556,0.33973595,0.23618339,0.30909586,0.22319931,0.28170598,0.36091638,0.42967033,0.42842758,0.16321646
12,0.43329608,0.4135154,0.5124788,0.18007866,0.43967408,0.56063664,0.86434174,0.29522282,0.31322208,0.5658252,0.5330032,0.30186298,1.0000002,0.39432827,0.7698347,0.38730958,0.5323155,0.32331187,0.16609836,0.5202952,0.6590142,0.65015256,0.86036456,0.833107,0.25773835,0.60546,0.5034358,0.49349105,0.23514196,0.6830983,0.5800532,0.4467942,0.66881037,0.7209488,0.33386406,0.7692513,0.5469172,0.6448133,0.29225564,0.5069046,0.48339945,0.42374092,0.40193576,0.7856335,0.3891325,0.7961614,0.649421,0.4952219,0.26319268,0.36866593,0.5165924,0.63421637,0.64767545,0.33151037,0.33363998,0.7119796,0.775722,0.6302382,0.38928378,0.54686046,0.7336992,0.5837885,0.5960053,0.35434145,0.63902366,0.77485394,0.7304259,0.44734478,0.42644453,0.4212415,0.2300376,0.48076555,0.5306186,0.586782,0.43254745,0.45355886,0.66408134,0.48302296,0.13249122,0.5893346,0.49026388,0.9029219,0.5781679,0.64658874,0.75527024,0.5152638,0.35470665,0.44636804,0.7620734,0.36161917,0.56525254,0.5752109,0.78975415,0.18756971,0.5511251,0.45030946,0.51626384,0.46588367,0.38265014,0.3525554
13,0.38632768,0.65106106,0.22289011,0.4643316,0.76357055,0.751549,0.29891962,0.5536877,0.5463479,0.6135454,0.6687584,0.36872625,0.39432827,1.0000002,0.20111462,0.53797156,0.43325394,0.52077645,0.37313133,0.67071676,0.45019168,0.46198648,0.31091782,0.3388942,0.1776592,0.52310634,0.55539364,0.64721483,0.13526772,0.56329095,0.38635018,0.2168736,0.56526864,0.4712565,0.5675737,0.1880138,0.3628674,0.5466969,0.5468126,0.6519898,0.14232305,0.24122852,0.48383856,0.41666126,0.55874777,0.57300043,0.50580657,0.68036896,0.333068,0.51069415,0.54229206,0.40787673,0.57083946,0.7576412,0.7426292,0.14999864,0.5149124,0.6405837,0.79226494,0.6939604,0.16464151,0.5329582,0.46953404,0.5586711,0.46805996,0.57578063,0.56463486,0.8120396,0.6090484,0.57350785,0.5043739,0.6284552,0.70182824,0.5957267,0.60062027,0.64568955,0.45569056,0.42633015,0.03139407,0.7061079,0.47908843,0.3699637,0.5645034,0.5621282,0.45282924,0.78166974,0.48545742,0.40939522,0.5952924,0.65332747,0.6038355,0.7749678,0.36783612,0.18135417,0.5308996,0.54204607,0.5294336,0.50976783,0.3821059,0.12240589
14,0.35229817,0.27436322,0.38686442,0.10381971,0.3151852,0.31546456,0.83747005,0.14729086,0.23651195,0.39316142,0.47256863,0.17260437,0.7698347,0.20111462,1.0000002,0.16289972,0.3318374,0.13246453,0.03252272,0.37343585,0.4630949,0.48074046,0.80936974,0.74884844,0.18830457,0.49374825,0.4167874,0.2793766,0.15125161,0.6463464,0.569432,0.2742797,0.67429036,0.6066247,0.30915865,0.95920795,0.39278013,0.50785214,0.16891545,0.3035203,0.45629352,0.30224374,0.2218417,0.7890526,0.27637085,0.71811837,0.5165257,0.37341806,0.11795092,0.16890839,0.4273262,0.57489777,0.549807,0.18731052,0.23074873,0.8839758,0.64511156,0.549713,0.23970765,0.41297537,0.96557283,0.45229226,0.45275676,0.20304729,0.5058985,0.6862235,0.4588389,0.35049778,0.18517978,0.25295994,0.13526747,0.40920234,0.3502426,0.52855325,0.21329105,0.32144052,0.5197338,0.3121582,0.09796355,0.39918488,0.36302897,0.73176885,0.36487925,0.4754034,0.69537497,0.36207956,0.17180157,0.30566347,0.6798891,0.256034,0.44410306,0.4612176,0.8145883,0.083566934,0.46651202,0.34296313,0.30547318,0.26943704,0.22523615,0.26790997
15,0.31445307,0.4284977,0.3578093,0.31552622,0.46068114,0.66544545,0.19413069,0.48190472,0.40756512,0.44997466,0.308026,0.3918624,0.38730958,0.53797156,0.16289972,0.9999999,0.4222173,0.4386878,0.4672469,0.52770245,0.28084084,0.36283797,0.3242312,0.36671838,0.3400046,0.4083958,0.45637196,0.5613822,0.29742688,0.28234386,0.22035229,0.33272374,0.33796978,0.39815107,0.36587626,0.12805368,0.55371386,0.52139986,0.39637756,0.5934526,0.23557746,0.33904245,0.41958785,0.31646514,0.49045292,0.48462874,0.42365354,0.40919518,0.40264654,0.42611647,0.289351,0.22562847,0.391419,0.48867962,0.4434156,0.10718046,0.43560135,0.3778496,0.50241053,0.52811205,0.13467862,0.4485383,0.5138252,0.53753364,0.49096566,0.43578082,0.515201,0.4771704,0.61423534,0.4787376,0.28235048,0.33611917,0.5950287,0.33989856,0.49613938,0.51000124,0.45237237,0.3485754,0.18912727,0.5521084,0.4949597,0.38901818,0.45586333,0.47039175,0.4382293,0.48632735,0.3630787,0.4952881,0.49699184,0.44829828,0.507597,0.5286404,0.31544414,0.14087462,0.28898388,0.37223825,0.45594874,0.50710785,0.42047757,0.29844406
16,0.38096198,0.43638444,0.25741565,0.2707113,0.34071964,0.4433387,0.46956775,0.2902634,0.38592905,0.45612252,0.48318052,0.27170497,0.5323155,0.43325394,0.3318374,0.4222173,0.99999976,0.3567602,0.39889777,0.37019256,0.38721544,0.47964323,0.4633303,0.4832163,0.19757581,0.43653774,0.63246775,0.6269164,0.16992678,0.5819588,0.4001755,0.30020005,0.5039233,0.52090263,0.33171785,0.3602729,0.4112209,0.65711856,0.4801316,0.61864305,0.230836,0.59676796,0.16833587,0.52463275,0.2784568,0.512792,0.591627,0.5381589,0.31898433,0.31119925,0.545215,0.44996345,0.6329515,0.37819433,0.3058217,0.35491928,0.67515934,0.47156304,0.41027954,0.4565632,0.32005465,0.5533081,0.64238465,0.27653226,0.5779402,0.5967184,0.6571773,0.40518478,0.68168676,0.42520815,0.2458426,0.6090643,0.4867282,0.44424677,0.62335277,0.4332978,0.38013405,0.4803241,-0.013281565,0.62374943,0.4379679,0.56853926,0.60270786,0.49654746,0.6026635,0.546363,0.20145854,0.3473267,0.6222681,0.27002317,0.5079868,0.4964957,0.5039979,0.06343579,0.55834293,0.3025271,0.295691,0.3353483,0.24621312,0.1384838
17,0.3319465,0.3221962,0.2989173,0.14542717,0.4934353,0.48898995,0.16357854,0.3388501,0.42313576,0.32134926,0.33496606,0.20187476,0.32331187,0.52077645,0.13246453,0.4386878,0.3567602,1.0,0.23229566,0.50760305,0.20475021,0.21701495,0.27971947,0.28413,0.20272258,0.36237007,0.2981959,0.2588621,0.22415408,0.24136838,0.08473704,0.3135776,0.30121064,0.3502273,0.3238405,0.12480576,0.41519672,0.24470587,0.30985576,0.32374603,0.10247272,0.28598648,0.30051798,0.2456861,0.44733495,0.36184213,0.19615349,0.447998,0.35633028,0.46815157,0.12754762,0.14823875,0.22966874,0.72724843,0.41220796,0.119462915,0.23760805,0.4760663,0.5370467,0.4806736,0.11192551,0.30547702,0.32728636,0.6132841,0.30534303,0.284198,0.42105737,0.5689789,0.31111106,0.6094281,0.21450987,0.2879948,0.40369058,0.38481683,0.53989196,0.48369616,0.27830878,0.19622943,0.3659135,0.388303,0.25621873,0.3523196,0.42535573,0.34209138,0.30657697,0.39935356,0.35201606,0.29284212,0.31915328,0.45132428,0.48798382,0.5174996,0.16494517,0.17986181,0.13552462,0.32651007,0.4476412,0.5529721,0.31142354,0.18184948
18,0.29536906,0.28422737,0.2369386,0.1606561,0.24981627,0.39297628,0.086717375,0.36528942,0.19617525,0.20400101,0.18977602,0.3794054,0.16609836,0.37313133,0.03252272,0.4672469,0.39889777,0.23229566,0.99999964,0.27604115,0.09152787,0.1981337,0.15309042,0.19654942,0.24833539,0.19091146,0.2793138,0.4402369,0.20569511,0.15636858,0.07348987,0.2362601,0.18640211,0.27553964,0.22326228,0.026927957,0.32028902,0.3691302,0.32842922,0.41266137,0.08181304,0.35078385,0.18545535,0.15816197,0.28058708,0.24123633,0.26093763,0.30780366,0.37141436,0.3127606,0.1922477,0.1515637,0.3379594,0.2958671,0.21604407,0.061254743,0.29302734,0.21878216,0.4550511,0.27501878,0.042445622,0.24402606,0.36014006,0.24298622,0.3405118,0.27291286,0.32345027,0.30127156,0.48405707,0.37591514,0.1534328,0.31204966,0.41168904,0.21075054,0.48800993,0.3803496,0.26311988,0.2110751,-0.003037339,0.32162318,0.2673398,0.21256505,0.33251154,0.28431952,0.30653316,0.3261639,0.33089626,0.22859365,0.3226737,0.20217565,0.23935568,0.3060521,0.099348895,0.13996613,0.18763275,0.2142162,0.34774736,0.25079784,0.27619725,0.13327816
19,0.37988478,0.576409,0.33200374,0.31084105,0.69372916,0.775242,0.4362495,0.52468395,0.5728427,0.6613724,0.6474091,0.3693724,0.5202952,0.67071676,0.37343585,0.52770245,0.37019256,0.50760305,0.27604115,1.0000001,0.5078134,0.4600472,0.48158276,0.5068256,0.2360031,0.63134956,0.5490415,0.6104507,0.21532115,0.61790156,0.5546166,0.24127516,0.59366775,0.634596,0.6026584,0.34678957,0.43526477,0.6547836,0.4686659,0.629174,0.32225245,0.32195842,0.48781136,0.5663717,0.5457256,0.6577336,0.54878545,0.60135484,0.34333664,0.39604688,0.53442717,0.5997401,0.5969335,0.61742526,0.64433837,0.34984487,0.54011226,0.6944545,0.6802381,0.71485174,0.3523782,0.63694227,0.56557864,0.54261243,0.6086767,0.6675314,0.56015974,0.6876096,0.47842315,0.5374226,0.39736986,0.58024764,0.7027023,0.6710456,0.47408995,0.6723671,0.6105584,0.3364114,0.26953834,0.6344602,0.6109468,0.46130812,0.58531594,0.6781173,0.5982003,0.6507528,0.48690087,0.47625124,0.58708906,0.5854888,0.58864343,0.72396934,0.5292121,0.25893992,0.5330118,0.61217767,0.6512778,0.68230474,0.46327698,0.2860861
20,0.40809754,0.48597726,0.37043965,0.40217638,0.448834,0.5512151,0.65137815,0.36360002,0.36999056,0.52626646,0.5563822,0.28181523,0.6590142,0.45019168,0.4630949,0.28084084,0.38721544,0.20475021,0.09152787,0.5078134,1.0000002,0.5751912,0.6383547,0.6251099,0.124791324,0.59739363,0.491122,0.43258858,0.23842879,0.64938027,0.67885697,0.30714166,0.62360394,0.627182,0.41247186,0.49874067,0.42386585,0.5665338,0.30772787,0.5193208,0.30927354,0.3088042,0.32761937,0.62986326,0.35642654,0.6766473,0.68863475,0.5395398,0.2591584,0.4426046,0.60393393,0.613729,0.6329647,0.34948662,0.4685532,0.44123393,0.61529934,0.6153641,0.44051778,0.6167423,0.4458733,0.66557395,0.42909956,0.35720363,0.60251015,0.6842214,0.63138735,0.45287198,0.33469695,0.33830765,0.42064607,0.48434573,0.5109482,0.597417,0.34780085,0.4564342,0.5563324,0.43031436,0.16969633,0.6210409,0.6564636,0.61189413,0.46474788,0.6975885,0.54262865,0.56693876,0.25010732,0.42056328,0.6303993,0.47484788,0.44939247,0.5710567,0.6029724,0.28922838,0.63122046,0.59010434,0.4080574,0.48993862,0.41923445,0.23035833
21,0.3972261,0.50214607,0.38831845,0.38161826,0.48268992,0.56703496,0.5781656,0.35734332,0.37142655,0.49707407,0.5719304,0.38164172,0.65015256,0.46198648,0.48074046,0.36283797,0.47964323,0.21701495,0.1981337,0.4600472,0.5751912,1.0000001,0.6141863,0.59653413,0.24516946,0.6203745,0.5400458,0.54071647,0.19920376,0.6136875,0.53251547,0.39129174,0.5517728,0.6635006,0.40341872,0.48040706,0.5368893,0.64080834,0.36626878,0.6194358,0.46866238,0.45122963,0.38396484,0.61037326,0.46690422,0.65826726,0.5999383,0.5065757,0.3200938,0.3531795,0.5545125,0.5885027,0.6363524,0.38682926,0.39196494,0.41368788,0.68615997,0.5802494,0.43248835,0.56617653,0.43979824,0.5664737,0.6007669,0.34525537,0.6392032,0.6591656,0.6159527,0.50625503,0.5053916,0.45110273,0.31525838,0.4875136,0.5751524,0.58946085,0.5262191,0.53947395,0.5761629,0.76340127,0.07250442,0.6628673,0.5461807,0.57094586,0.6017091,0.63619626,0.58304965,0.5631255,0.2737043,0.47887135,0.6512141,0.4250308,0.5244354,0.587831,0.63380736,0.18149795,0.5684203,0.47345483,0.40233248,0.46634683,0.4116025,0.30511266
22,0.45521694,0.39425597,0.5159788,0.21826157,0.37950957,0.47297662,0.79590505,0.26587844,0.32971257,0.49786747,0.4837007,0.32196,0.86036456,0.31091782,0.80936974,0.3242312,0.4633303,0.27971947,0.15309042,0.48158276,0.6383547,0.6141863,1.0,0.9609121,0.21322715,0.5890517,0.5060159,0.39230043,0.25807065,0.6571057,0.65678996,0.46255937,0.67629087,0.76849675,0.3070727,0.7957103,0.60606825,0.62451744,0.24981895,0.45135856,0.48332563,0.35959017,0.3361168,0.7940306,0.35579568,0.7558865,0.6107544,0.5077574,0.265809,0.38462314,0.5302485,0.6172129,0.6134447,0.3052144,0.30695292,0.7437388,0.70735705,0.6308837,0.3360387,0.5347209,0.7943258,0.6020731,0.5310341,0.31601554,0.68553674,0.74802417,0.6371325,0.44164586,0.3510006,0.38814458,0.20750809,0.44130933,0.47672737,0.5946038,0.40628463,0.45195258,0.63181376,0.43639588,0.2185699,0.5341218,0.5638398,0.7919892,0.49396676,0.65808713,0.7268169,0.47971004,0.2836613,0.40840352,0.74211514,0.37891674,0.5302489,0.5527164,0.7756569,0.19464041,0.5669239,0.46162367,0.44242322,0.45169362,0.36866254,0.27799672
23,0.4507684,0.43131274,0.5430038,0.23153739,0.37168133,0.50222945,0.74731475,0.30072647,0.30884048,0.5017003,0.4702841,0.37415907,0.833107,0.3388942,0.74884844,0.36671838,0.4832163,0.28413,0.19654942,0.5068256,0.6251099,0.59653413,0.9609121,1.0000001,0.25030965,0.55127585,0.5089899,0.44625208,0.23316813,0.6449182,0.6687984,0.46112227,0.6597743,0.7645836,0.3349279,0.73658013,0.6130575,0.6540376,0.25634974,0.5132311,0.45980066,0.35153353,0.33933133,0.7915843,0.3363271,0.73999345,0.63272625,0.56095785,0.2684835,0.4122872,0.5595353,0.6159873,0.61014485,0.2959944,0.31177825,0.7112689,0.7055086,0.6412663,0.3909615,0.5412327,0.7400048,0.60925734,0.55707896,0.31491768,0.726914,0.74774224,0.6557548,0.4534856,0.41639578,0.3730889,0.23284882,0.4669247,0.51664245,0.6178663,0.41982114,0.47524226,0.617476,0.4635164,0.22293302,0.56497985,0.62113154,0.7582871,0.47612795,0.6777692,0.7229371,0.51036096,0.31543204,0.40393424,0.73770154,0.40599212,0.5145149,0.5575719,0.7529416,0.26648667,0.590551,0.4537549,0.4484791,0.46008384,0.353046,0.283378
24,0.16503829,0.14740944,0.38946763,0.1133938,0.2608028,0.30041802,0.17881021,0.26929003,0.20223258,0.20481423,0.2330836,0.18073195,0.25773835,0.1776592,0.18830457,0.3400046,0.19757581,0.20272258,0.24833539,0.2360031,0.124791324,0.24516946,0.21322715,0.25030965,1.0,0.12704681,0.2025325,0.26938462,0.10813637,0.13425969,0.07365944,0.3211856,0.17593685,0.21990237,0.29083657,0.1738255,0.3323661,0.27901655,0.16324393,0.26343042,0.20636916,0.37830085,0.055826955,0.20934308,0.24502982,0.18676001,0.23878783,0.20338002,0.35282856,0.22844562,0.10135609,0.11420469,0.22902752,0.27291536,0.16566053,0.13467795,0.27050468,0.2659754,0.32974386,0.32931954,0.18471396,0.20173669,0.3686447,0.27049798,0.26416448,0.16855355,0.32822704,0.18142886,0.30599976,0.28522974,0.06705449,0.20852926,0.27784228,0.24124077,0.22636601,0.35627446,0.22372666,0.26998648,0.20589033,0.25227025,0.27096653,0.33095342,0.29871383,0.22927272,0.2432898,0.23926441,0.13417742,0.26155967,0.23385635,0.24884325,0.2875312,0.25498414,0.14329311,0.096026614,0.09721783,0.3272174,0.1405442,0.18579458,0.23012413,0.6902626
25,0.53957784,0.49408564,0.34555665,0.29604793,0.5989703,0.6234118,0.57928944,0.35735828,0.64483833,0.55452085,0.58380085,0.28238416,0.60546,0.52310634,0.49374825,0.4083958,0.43653774,0.36237007,0.19091146,0.63134956,0.59739363,0.6203745,0.5890517,0.55127585,0.12704681,0.9999999,0.5996816,0.4766695,0.30513653,0.6394526,0.5637677,0.27654344,0.5614581,0.6812438,0.4861655,0.4797964,0.47445297,0.6186328,0.50812966,0.5817568,0.37364212,0.42576516,0.4301261,0.65334725,0.67480856,0.71508825,0.61789733,0.5243746,0.33104026,0.35155916,0.5395969,0.59304106,0.66566074,0.47568214,0.47875565,0.44537306,0.6162237,0.6148145,0.4370032,0.64147204,0.4509613,0.6505233,0.549847,0.540563,0.5748588,0.6959941,0.6352123,0.54733384,0.4642192,0.5141681,0.336111,0.4589525,0.560431,0.57695854,0.549193,0.5749672,0.59529996,0.45256364,0.21146798,0.6399473,0.51025677,0.5909139,0.5837467,0.64849246,0.65115,0.5165917,0.30976254,0.57537496,0.6843658,0.4343059,0.68723583,0.6563345,0.6512728,0.13265437,0.55319893,0.5552819,0.47959682,0.67207503,0.45933285,0.25298125
26,0.39052182,0.54577184,0.19022754,0.3730673,0.5377795,0.58524996,0.51194954,0.3190918,0.5324699,0.50903994,0.6401945,0.3016669,0.5034358,0.55539364,0.4167874,0.45637196,0.63246775,0.2981959,0.2793138,0.5490415,0.491122,0.5400458,0.5060159,0.5089899,0.2025325,0.5996816,1.0,0.670974,0.05580156,0.6972226,0.6444349,0.27172905,0.5925044,0.59506464,0.52604073,0.38459647,0.3451277,0.7344371,0.6026653,0.71756244,0.2779971,0.40310395,0.2644363,0.61464894,0.47528017,0.65438586,0.6782342,0.6429192,0.27060476,0.27586442,0.6072996,0.6206984,0.6908254,0.46907926,0.5255714,0.36325657,0.7158241,0.60786706,0.5064694,0.60045123,0.37963864,0.6484141,0.6208793,0.4507224,0.67832816,0.70462406,0.5654883,0.50483376,0.64744943,0.44719854,0.35062122,0.66579175,0.6050501,0.6296155,0.54469156,0.5243863,0.55161166,0.46756554,0.06650618,0.7303351,0.5717828,0.5581864,0.601125,0.6875927,0.667884,0.6625682,0.24045655,0.4075852,0.76273227,0.33624232,0.6485777,0.6526772,0.6776912,0.14873546,0.6204747,0.47790587,0.3502689,0.51564157,0.3666154,0.16106394
27,0.30481264,0.68353283,0.21453631,0.2902656,0.54676485,0.74935913,0.4242558,0.48979512,0.406468,0.6241672,0.59078586,0.31499788,0.49349105,0.64721483,0.2793766,0.5613822,0.6269164,0.2588621,0.4402369,0.6104507,0.43258858,0.54071647,0.39230043,0.44625208,0.26938462,0.4766695,0.670974,0.99999976,0.098731495,0.6070411,0.5001826,0.1954897,0.54858327,0.52491117,0.5614419,0.26480448,0.38300973,0.7511536,0.4763788,0.7649305,0.2355922,0.28369159,0.40551502,0.5793646,0.38800293,0.59316707,0.69994533,0.5925307,0.22920248,0.3230403,0.6682856,0.57890546,0.60268825,0.46944106,0.50303507,0.26932645,0.6794957,0.5678659,0.62334245,0.5793396,0.24736172,0.5564792,0.57279766,0.3654256,0.6093432,0.65583587,0.5801393,0.4922412,0.7513226,0.41321728,0.37181512,0.6761256,0.7329389,0.6125336,0.45648366,0.5882436,0.47849333,0.5333987,-0.0061344383,0.7637787,0.5260436,0.44910154,0.55767727,0.62342405,0.6646143,0.7045583,0.38564402,0.32893223,0.6487553,0.44069636,0.5606208,0.6200153,0.5762343,0.13847135,0.6610818,0.46239844,0.49509755,0.35258892,0.35241044,0.13438426
28,0.19152567,0.13400137,0.33847773,0.048464626,0.19265048,0.20754848,0.20698011,0.14304301,0.21024114,0.17153305,0.15700237,0.08415417,0.23514196,0.13526772,0.15125161,0.29742688,0.16992678,0.22415408,0.20569511,0.21532115,0.23842879,0.19920376,0.25807065,0.23316813,0.10813637,0.30513653,0.05580156,0.098731495,1.0,0.11562553,0.07509143,0.2837413,0.16984418,0.29499155,0.14808546,0.17354248,0.3008533,0.20639691,0.08614412,0.16305554,0.25536284,0.24111511,0.15532799,0.25705624,0.20295256,0.23782054,0.1643559,0.08894375,0.31967884,0.1497119,0.08956057,0.17754361,0.24285741,0.23198885,0.10646671,0.14547145,0.22197339,0.20598921,0.17395319,0.24114099,0.16011554,0.32526928,0.3147077,0.25444645,0.22439665,0.19624092,0.32756314,0.18872355,0.10001981,0.3008505,-0.06760342,0.06828097,0.13949567,0.10970446,0.17341027,0.29589334,0.34641784,0.10062967,0.11172095,0.17496979,0.25864857,0.22439933,0.27459067,0.19542873,0.17198452,0.14228362,0.109107986,0.28819555,0.16633354,0.12336638,0.17762038,0.2015372,0.15412617,0.050047316,0.099660955,0.23982182,0.26615852,0.30495727,0.13627008,0.25022542
29,0.40359372,0.5943173,0.27858716,0.5040531,0.55067194,0.62132466,0.7655202,0.35870537,0.47712672,0.6769564,0.7150636,0.29615593,0.6830983,0.56329095,0.6463464,0.28234386,0.5819588,0.24136838,0.15636858,0.61790156,0.64938027,0.6136875,0.6571057,0.6449182,0.13425969,0.6394526,0.6972226,0.6070411,0.11562553,1.0000002,0.78278756,0.22633043,0.7706057,0.70412326,0.5827714,0.6490211,0.3641241,0.7701025,0.48138994,0.6311234,0.36915034,0.34599522,0.38649935,0.7575189,0.39592475,0.79290533,0.69092923,0.65001047,0.22141603,0.30975497,0.71087116,0.76000935,0.800901,0.38551915,0.5064697,0.59947,0.7835773,0.76902854,0.49963486,0.66842115,0.6309793,0.70766234,0.5897718,0.34015605,0.6595145,0.8909503,0.6503774,0.5523566,0.46720493,0.39274508,0.4064259,0.66646487,0.6260007,0.73480093,0.42892605,0.4649846,0.6797216,0.4788501,0.049383946,0.75350773,0.5842273,0.6495445,0.5689659,0.7228913,0.7417841,0.68011796,0.2716822,0.40072438,0.7820356,0.4176982,0.6111833,0.6983031,0.77826273,0.11841339,0.7339055,0.5438899,0.4790029,0.447047,0.3523147,0.20651108
30,0.32669014,0.5011013,0.2754901,0.37443244,0.43810463,0.51952004,0.6835308,0.31646132,0.35068312,0.51058805,0.64840543,0.22652873,0.5800532,0.38635018,0.569432,0.22035229,0.4001755,0.08473704,0.07348987,0.5546166,0.67885697,0.53251547,0.65678996,0.6687984,0.07365944,0.5637677,0.6444349,0.5001826,0.07509143,0.78278756,1.0,0.1444934,0.680296,0.68990004,0.49983388,0.55095464,0.33013326,0.69794333,0.32215187,0.57086754,0.33435035,0.26578334,0.28102848,0.69374824,0.2833295,0.7228373,0.69106114,0.58298624,0.13610491,0.25554597,0.7073271,0.7394875,0.7108736,0.2946542,0.48204765,0.53189826,0.6895077,0.65234214,0.3937381,0.59708595,0.5575707,0.7232367,0.53129524,0.22075841,0.7279858,0.75060564,0.5323113,0.4522859,0.33408841,0.26196814,0.43970066,0.5772483,0.531075,0.64024794,0.3061377,0.42536846,0.60302246,0.3813672,0.04516779,0.6502861,0.6843636,0.5094113,0.39387393,0.76045334,0.6106004,0.6098989,0.23026355,0.26533747,0.7205706,0.37386596,0.44784194,0.5494179,0.7480583,0.23949948,0.728531,0.5379218,0.39614138,0.4227414,0.2718222,0.15977533
31,0.3208189,0.12925956,0.44442225,0.24172598,0.28658885,0.29563758,0.3106121,0.24350321,0.3074727,0.23514622,0.19682656,0.37490028,0.4467942,0.2168736,0.2742797,0.33272374,0.30020005,0.3135776,0.2362601,0.24127516,0.30714166,0.39129174,0.46255937,0.46112227,0.3211856,0.27654344,0.27172905,0.1954897,0.2837413,0.22633043,0.1444934,1.0000002,0.2230756,0.4197333,0.134589,0.2632855,0.5237934,0.30488244,0.23094428,0.29937893,0.30863136,0.4014454,0.25619486,0.26244473,0.32437223,0.33182627,0.22913581,0.2623164,0.21863201,0.32181886,0.091525026,0.14484656,0.2502594,0.27562538,0.19927844,0.21749611,0.3664424,0.32320803,0.30704144,0.22235559,0.24410588,0.2759743,0.39520025,0.3430975,0.34323585,0.31351334,0.4974471,0.27420667,0.32792735,0.35986677,-0.019703835,0.22712645,0.27597383,0.30960143,0.42199662,0.30303478,0.3014599,0.2706604,0.1294877,0.24876691,0.2580221,0.47924966,0.39789218,0.24377748,0.3003983,0.27705806,0.25202227,0.3840096,0.31048405,0.24422589,0.36401504,0.31203592,0.24509867,0.15645461,0.09961027,0.15538345,0.2631355,0.34899563,0.2809333,0.2868454
32,0.42123944,0.6244661,0.31706527,0.41992143,0.566657,0.58825576,0.7216743,0.4606673,0.41874665,0.60256815,0.70083946,0.24301955,0.66881037,0.56526864,0.67429036,0.33796978,0.5039233,0.30121064,0.18640211,0.59366775,0.62360394,0.5517728,0.67629087,0.6597743,0.17593685,0.5614581,0.5925044,0.54858327,0.16984418,0.7706057,0.680296,0.2230756,1.0,0.6281339,0.6183232,0.71488225,0.37620658,0.646113,0.32304183,0.55192274,0.35216147,0.34088665,0.37717885,0.75579035,0.39641967,0.7692679,0.6880054,0.673612,0.2540978,0.3717758,0.72665876,0.65139663,0.7006408,0.469634,0.5463492,0.6562637,0.67347705,0.76196575,0.53509593,0.6963972,0.68054247,0.6819818,0.5612029,0.3719865,0.6172972,0.78492165,0.6056808,0.6280077,0.4100532,0.4063365,0.46415138,0.6152042,0.6024913,0.70597744,0.373596,0.58584476,0.54428667,0.3928944,0.10682239,0.680617,0.55125594,0.64951265,0.5050025,0.6276659,0.6944345,0.6999421,0.23798516,0.37573802,0.7874465,0.5356135,0.53301865,0.74260163,0.67415595,0.14288023,0.7507627,0.6386957,0.41259655,0.41396034,0.36152476,0.2084944
33,0.53556514,0.49341595,0.48384473,0.29860038,0.555107,0.62507105,0.67029274,0.4074831,0.4535437,0.5585932,0.58499086,0.39023226,0.7209488,0.4712565,0.6066247,0.39815107,0.52090263,0.3502273,0.27553964,0.634596,0.627182,0.6635006,0.76849675,0.7645836,0.21990237,0.6812438,0.59506464,0.52491117,0.29499155,0.70412326,0.68990004,0.4197333,0.6281339,1.0000002,0.4747125,0.5709728,0.6051888,0.71689117,0.36206675,0.607056,0.548804,0.4502718,0.47278556,0.716123,0.45370227,0.79887897,0.6388125,0.56378317,0.29348528,0.40796557,0.56288004,0.7160471,0.7297349,0.46061647,0.44294876,0.55164266,0.724017,0.69963074,0.5120895,0.6829219,0.5910691,0.7174971,0.6413032,0.44838908,0.77232873,0.7548598,0.6833078,0.53350115,0.48042548,0.5082406,0.36087707,0.56490934,0.6098565,0.644032,0.54603297,0.62246686,0.69149065,0.48613447,0.19041601,0.6708782,0.695876,0.626594,0.5966767,0.7842081,0.736225,0.61437345,0.41984397,0.4734457,0.7135086,0.43498382,0.5861653,0.6578761,0.72694755,0.2721328,0.58706784,0.5441575,0.5700047,0.5641851,0.4391157,0.2997987
34,0.28058428,0.50424814,0.1734284,0.44591025,0.6682045,0.5299888,0.39433783,0.44141603,0.46166718,0.5343885,0.7033641,0.193242,0.33386406,0.5675737,0.30915865,0.36587626,0.33171785,0.3238405,0.22326228,0.6026584,0.41247186,0.40341872,0.3070727,0.3349279,0.29083657,0.4861655,0.52604073,0.5614419,0.14808546,0.5827714,0.49983388,0.134589,0.6183232,0.4747125,0.99999964,0.314758,0.25062168,0.54233855,0.3875159,0.52365226,0.27507442,0.26572108,0.27924347,0.49595433,0.45145923,0.50975597,0.50249815,0.6272243,0.37966317,0.25956082,0.55988395,0.5466237,0.5657234,0.55669755,0.6470324,0.31400615,0.4734007,0.60564244,0.571813,0.62802696,0.32221013,0.5820027,0.5160047,0.44111297,0.45436254,0.5290121,0.4007319,0.5914045,0.42635423,0.44962615,0.37894046,0.6358179,0.5011012,0.5930866,0.35336217,0.59301764,0.4644488,0.31205505,0.16506144,0.5949083,0.48169765,0.3265906,0.55082095,0.47476786,0.47929138,0.6438863,0.19967583,0.29053313,0.52737105,0.46443075,0.49618092,0.6486852,0.43055066,0.12816612,0.5613053,0.59810513,0.37493056,0.33813232,0.3191526,0.29270217
35,0.32341635,0.29389757,0.35144436,0.11567442,0.29667273,0.29468822,0.83897996,0.14092624,0.19671988,0.37897867,0.4676752,0.14301091,0.7692513,0.1880138,0.95920795,0.12805368,0.3602729,0.12480576,0.026927957,0.34678957,0.49874067,0.48040706,0.7957103,0.73658013,0.1738255,0.4797964,0.38459647,0.26480448,0.17354248,0.6490211,0.55095464,0.2632855,0.71488225,0.5709728,0.314758,0.9999998,0.38059616,0.47297293,0.1450764,0.2824298,0.42987952,0.324651,0.22438762,0.8104939,0.24204463,0.7030852,0.50695634,0.36562812,0.12757596,0.15631127,0.4478062,0.5539706,0.5514867,0.17498653,0.2157959,0.9347742,0.6171746,0.5497955,0.2189729,0.40717226,0.97977793,0.4614004,0.44227862,0.16486666,0.47749138,0.68236256,0.46057332,0.33531886,0.16177064,0.24596792,0.15429404,0.40114686,0.34033054,0.5347116,0.20684932,0.30902493,0.48218182,0.31350756,0.06973326,0.4015057,0.34691697,0.73966384,0.35169524,0.43665683,0.6828774,0.35511997,0.14538592,0.29672396,0.67213583,0.23415385,0.41744155,0.4524408,0.759238,0.047508188,0.49076632,0.35035726,0.27682292,0.23699757,0.1988793,0.27121192
36,0.36484498,0.43224603,0.5195827,0.27583867,0.38275605,0.5411474,0.39298144,0.41806853,0.34669515,0.41321868,0.28140506,0.390215,0.5469172,0.3628674,0.39278013,0.55371386,0.4112209,0.41519672,0.32028902,0.43526477,0.42386585,0.5368893,0.60606825,0.6130575,0.3323661,0.47445297,0.3451277,0.38300973,0.3008533,0.3641241,0.33013326,0.5237934,0.37620658,0.6051888,0.25062168,0.38059616,1.0,0.46459466,0.30009222,0.47940978,0.3419158,0.36087853,0.46522945,0.45009845,0.48074365,0.5250369,0.4270131,0.4065336,0.3209874,0.48744306,0.34674692,0.32476825,0.38396692,0.40098196,0.3541805,0.32884556,0.4618716,0.49664676,0.4290304,0.514498,0.37289006,0.4898156,0.48837155,0.51713043,0.4941759,0.4943007,0.570907,0.4394432,0.48052585,0.49259716,0.14438899,0.25202984,0.5036479,0.44052863,0.5070153,0.4734537,0.47452286,0.4625095,0.25220826,0.49783322,0.5207079,0.50097036,0.46663672,0.487863,0.48500222,0.41263634,0.37441033,0.49770513,0.49851793,0.46818745,0.54624164,0.5180655,0.41267842,0.16444956,0.35627908,0.4050013,0.5046631,0.511948,0.4110046,0.33427638
